1714935991166 0.0
1714935991667 0.0
1714935992167 0.0
1714935992668 0.0
1714935993169 0.0
1714935993670 0.0
1714935994170 0.0
1714935994671 0.0
1714935995172 0.0
1714935995673 0.0
1714935996173 0.0
1714935996674 0.0
1714935997175 0.0
1714935997676 0.0
1714935998176 0.0
1714935998677 2.0
1714935999178 0.0
1714935999679 0.0
1714936000179 0.0
1714936000680 6.0
1714936001181 6.0
1714936001681 6.0
1714936002182 6.0
1714936002683 6.0
1714936003184 8.0
1714936003684 6.0
1714936004185 4.0
1714936004686 8.0
1714936005187 6.0
1714936005687 2.0
1714936006188 0.0
1714936006689 0.0
1714936007190 2.0
1714936007690 12.0
1714936008191 12.0
1714936008692 14.0
1714936009193 12.0
1714936009693 12.0
1714936010194 10.0
1714936010695 12.0
1714936011196 14.0
1714936011696 12.0
1714936012197 12.0
1714936012698 2.0
1714936013199 0.0
1714936013700 0.0
1714936014200 4.0
1714936014701 20.0
1714936015202 20.0
1714936015703 18.0
1714936016204 18.0
1714936016704 20.0
1714936017205 16.0
1714936017705 20.0
1714936018206 20.0
1714936018707 18.0
1714936019208 14.0
1714936019708 0.0
1714936020209 0.0
1714936020710 2.0
1714936021211 14.0
1714936021711 22.0
1714936022212 24.0
1714936022713 26.0
1714936023214 24.0
1714936023715 24.0
1714936024216 24.0
1714936024716 24.0
1714936025217 22.0
1714936025718 26.0
1714936026219 10.0
1714936026720 0.0
1714936027220 0.0
1714936027721 0.0
1714936028222 30.0
1714936028723 28.0
1714936029224 30.0
1714936029724 32.0
1714936030225 30.0
1714936030726 30.0
1714936031227 28.0
1714936031728 30.0
1714936032228 30.0
1714936032729 30.0
1714936033230 2.0
1714936033731 0.0
1714936034231 0.0
1714936034732 12.0
1714936035233 35.9
1714936035734 38.0
1714936036235 36.0
1714936036736 38.0
1714936037236 38.0
1714936037737 38.0
1714936038238 36.0
1714936038739 36.0
1714936039240 38.0
1714936039740 26.0
1714936040241 0.0
1714936040742 0.0
1714936041243 2.0
1714936041744 30.0
1714936042244 40.0
1714936042745 44.0
1714936043245 42.0
1714936043746 43.9
1714936044247 42.0
1714936044748 42.0
1714936045248 42.0
1714936045749 41.9
1714936046250 43.9
1714936046751 14.0
1714936047252 0.0
1714936047753 0.0
1714936048253 6.0
1714936048754 47.9
1714936049255 47.9
1714936049756 49.9
1714936050257 48.0
1714936050757 49.9
1714936051258 47.9
1714936051759 47.9
1714936052260 49.9
1714936052761 50.0
1714936053261 45.9
1714936053762 0.0
1714936054263 0.0
1714936054764 0.0
1714936055264 28.0
1714936055765 55.9
1714936056266 53.9
1714936056767 55.9
1714936057268 55.9
1714936057768 53.9
1714936058269 55.9
1714936058770 55.9
1714936059271 53.9
1714936059772 54.0
1714936060273 30.0
1714936060773 0.0
1714936061274 0.0
1714936061775 0.0
1714936062276 51.9
1714936062776 61.9
1714936063277 59.9
1714936063778 59.9
1714936064279 61.9
1714936064780 61.9
1714936065281 61.9
1714936065781 63.9
1714936066282 63.9
1714936066783 61.9
1714936067284 8.0
1714936067785 0.0
1714936068285 0.0
1714936068786 20.0
1714936069287 69.9
1714936069788 65.9
1714936070288 69.9
1714936070789 65.9
1714936071290 67.9
1714936071791 67.9
1714936072292 69.9
1714936072793 67.9
1714936073293 69.9
1714936073794 47.9
1714936074295 2.0
1714936074796 0.0
1714936075297 0.0
1714936075797 47.9
1714936076298 75.9
1714936076799 73.9
1714936077300 75.9
1714936077801 78.0
1714936078301 73.9
1714936078802 77.9
1714936079303 73.9
1714936079804 75.9
1714936080305 74.0
1714936080805 24.0
1714936081306 0.0
1714936081807 0.0
1714936082308 4.0
1714936082809 83.9
1714936083309 83.9
1714936083810 83.9
1714936084311 81.9
1714936084812 85.9
1714936085313 83.9
1714936085814 81.9
1714936086315 85.9
1714936086816 83.9
1714936087317 79.9
1714936087818 0.0
1714936088319 0.0
1714936088819 0.0
1714936089320 42.0
1714936089821 88.0
1714936090321 87.9
1714936090822 89.9
1714936091323 89.9
1714936091824 89.9
1714936092325 87.9
1714936092826 91.9
1714936093327 89.9
1714936093828 87.9
1714936094329 47.9
1714936094829 0.0
1714936095330 0.0
1714936095831 2.0
1714936096331 81.9
1714936096832 94.0
1714936097333 95.9
1714936097833 93.9
1714936098334 95.9
1714936098835 99.9
1714936099336 101.9
1714936099837 101.9
1714936100338 103.9
1714936100839 101.9
1714936101340 14.0
1714936101841 0.0
1714936102341 0.0
1714936102842 30.0
1714936103343 99.9
1714936103844 101.9
1714936104345 103.9
1714936104845 101.9
1714936105346 102.0
1714936105847 101.9
1714936106348 103.9
1714936106849 103.9
1714936107349 101.9
1714936107850 73.9
1714936108351 0.0
1714936108852 0.0
1714936109352 0.0
1714936109853 67.9
1714936110354 101.9
1714936110855 101.9
1714936111356 103.9
1714936111857 101.9
1714936112357 103.9
1714936112858 101.9
1714936113359 101.9
1714936113860 103.9
1714936114361 101.9
1714936114861 34.0
1714936115362 0.0
1714936115863 0.0
1714936116364 4.0
1714936116865 101.9
1714936117365 101.9
1714936117866 101.9
1714936118367 103.9
1714936118868 101.9
1714936119369 101.9
1714936119869 103.9
1714936120370 99.9
1714936120871 103.9
1714936121372 95.9
1714936121873 2.0
1714936122374 0.0
1714936122874 0.0
1714936123375 45.9
1714936123876 99.9
1714936124377 103.9
1714936124878 101.9
1714936125379 99.9
1714936125880 103.9
1714936126381 104.0
1714936126881 101.9
1714936127382 101.9
1714936127883 103.9
1714936128384 51.9
1714936128885 0.0
1714936129386 0.0
1714936129887 0.0
1714936130387 91.9
1714936130888 101.9
1714936131389 101.9
1714936131890 101.9
1714936132391 103.9
1714936132892 101.9
1714936133393 103.9
1714936133894 99.9
1714936134395 103.9
1714936134896 101.9
1714936135397 10.0
1714936135897 0.0
1714936136398 0.0
1714936136899 32.0
1714936137400 102.0
1714936137900 101.9
1714936138401 104.0
1714936138901 101.9
1714936139402 103.9
1714936139903 101.9
1714936140404 101.9
1714936140905 101.9
1714936141406 103.9
1714936141907 67.9
1714936142408 0.0
1714936142909 0.0
1714936143409 0.0
1714936143910 75.9
1714936144411 101.9
1714936144912 99.9
1714936145413 105.9
1714936145913 101.9
1714936146414 101.9
1714936146915 103.9
1714936147416 101.9
1714936147917 103.9
1714936148418 101.9
1714936148919 28.0
1714936149420 0.0
1714936149921 0.0
1714936150422 14.0
1714936150922 101.9
1714936151423 101.9
1714936151924 103.9
1714936152425 101.9
1714936152926 101.9
1714936153427 103.9
1714936153928 101.9
1714936154429 101.9
1714936154930 103.9
1714936155431 85.9
1714936155932 0.0
1714936156433 0.0
1714936156934 0.0
1714936157434 57.9
1714936157935 101.9
1714936158436 101.9
1714936158937 101.9
1714936159438 103.9
1714936159939 103.9
1714936160440 101.9
1714936160941 101.9
1714936161441 101.9
1714936161942 101.9
1714936162443 45.9
1714936162944 0.0
1714936163445 0.0
1714936163946 0.0
1714936164446 99.9
1714936164947 101.9
1714936165448 103.9
1714936165949 102.0
1714936166449 103.9
1714936166950 101.9
1714936167451 101.9
1714936167952 101.9
1714936168453 101.9
1714936168954 101.9
1714936169455 0.0
1714936169956 0.0
1714936170456 0.0
1714936170957 0.0
1714936171458 0.0
1714936171959 0.0
1714936172460 0.0
1714936172960 2.0
1714936173461 0.0
1714936173962 0.0
