1714936971181 0.0
1714936971681 0.0
1714936972182 0.0
1714936972683 0.0
1714936973184 4.0
1714936973684 0.0
1714936974185 0.0
1714936974686 0.0
1714936975187 0.0
1714936975688 0.0
1714936976188 0.0
1714936976689 0.0
1714936977190 0.0
1714936977691 0.0
1714936978191 0.0
1714936978692 0.0
1714936979193 0.0
1714936979694 0.0
1714936980194 0.0
1714936980695 6.0
1714936981196 8.0
1714936981697 10.0
1714936982197 6.0
1714936982698 10.0
1714936983199 8.0
1714936983700 8.0
1714936984200 10.0
1714936984701 6.0
1714936985202 8.0
1714936985703 6.0
1714936986203 0.0
1714936986704 0.0
1714936987205 0.0
1714936987705 14.0
1714936988206 16.0
1714936988707 16.0
1714936989207 16.0
1714936989708 18.0
1714936990209 14.0
1714936990709 18.0
1714936991210 16.0
1714936991711 18.0
1714936992212 16.0
1714936992712 2.0
1714936993213 0.0
1714936993714 0.0
1714936994215 6.0
1714936994715 22.0
1714936995216 24.0
1714936995717 22.0
1714936996217 26.0
1714936996718 22.0
1714936997219 26.0
1714936997720 22.0
1714936998221 22.0
1714936998721 24.0
1714936999222 20.0
1714936999723 0.0
1714937000224 0.0
1714937000724 0.0
1714937001225 18.0
1714937001726 32.0
1714937002227 32.0
1714937002728 32.0
1714937003228 30.0
1714937003729 32.0
1714937004230 34.0
1714937004731 30.0
1714937005231 32.0
1714937005732 32.0
1714937006233 14.0
1714937006734 0.0
1714937007235 0.0
1714937007735 0.0
1714937008236 36.0
1714937008737 40.0
1714937009237 40.0
1714937009738 42.0
1714937010239 42.0
1714937010740 40.0
1714937011240 40.0
1714937011741 42.0
1714937012242 40.0
1714937012743 38.0
1714937013244 6.0
1714937013744 0.0
1714937014245 0.0
1714937014746 12.0
1714937015247 45.9
1714937015747 47.9
1714937016248 47.9
1714937016749 48.0
1714937017249 49.9
1714937017750 45.9
1714937018251 47.9
1714937018752 45.9
1714937019252 45.9
1714937019753 38.0
1714937020254 0.0
1714937020755 0.0
1714937021255 0.0
1714937021756 32.0
1714937022257 55.9
1714937022758 53.9
1714937023259 55.9
1714937023759 53.9
1714937024260 55.9
1714937024761 56.0
1714937025261 55.9
1714937025762 56.0
1714937026263 53.9
1714937026764 24.0
1714937027264 0.0
1714937027765 0.0
1714937028266 2.0
1714937028767 61.9
1714937029267 61.9
1714937029768 63.9
1714937030269 61.9
1714937030769 65.9
1714937031270 63.9
1714937031771 63.9
1714937032272 59.9
1714937032773 63.9
1714937033273 63.9
1714937033774 0.0
1714937034275 0.0
1714937034776 0.0
1714937035277 28.0
1714937035778 73.9
1714937036278 69.9
1714937036779 71.9
1714937037280 73.9
1714937037781 72.0
1714937038281 71.9
1714937038782 71.9
1714937039283 71.9
1714937039784 69.9
1714937040285 45.9
1714937040785 0.0
1714937041286 0.0
1714937041787 0.0
1714937042288 63.9
1714937042788 81.9
1714937043289 79.9
1714937043790 81.9
1714937044291 77.9
1714937044792 79.9
1714937045293 79.9
1714937045793 79.9
1714937046294 79.9
1714937046795 79.9
1714937047296 16.0
1714937047797 2.0
1714937048297 0.0
1714937048798 16.0
1714937049299 89.9
1714937049800 87.9
1714937050300 89.9
1714937050801 87.9
1714937051302 87.9
1714937051803 89.9
1714937052304 85.9
1714937052805 87.9
1714937053305 89.9
1714937053806 73.9
1714937054307 0.0
1714937054808 0.0
1714937055309 0.0
1714937055809 55.9
1714937056310 95.9
1714937056811 93.9
1714937057312 93.9
1714937057813 96.0
1714937058313 95.9
1714937058815 94.0
1714937059315 93.9
1714937059816 95.9
1714937060317 95.9
1714937060817 36.0
1714937061318 0.0
1714937061819 0.0
1714937062320 2.0
1714937062820 105.9
1714937063321 105.9
1714937063822 107.9
1714937064323 105.9
1714937064824 105.9
1714937065325 105.9
1714937065825 105.9
1714937066326 105.9
1714937066828 105.9
1714937067328 103.9
1714937067829 0.0
1714937068330 0.0
1714937068831 0.0
1714937069331 45.9
1714937069832 113.9
1714937070333 112.0
1714937070833 111.9
1714937071334 113.9
1714937071835 113.9
1714937072336 117.9
1714937072837 113.9
1714937073337 113.9
1714937073838 113.9
1714937074339 63.9
1714937074840 0.0
1714937075341 0.0
1714937075842 2.0
1714937076342 101.9
1714937076843 125.8
1714937077344 123.9
1714937077845 125.9
1714937078345 123.9
1714937078846 123.8
1714937079347 121.9
1714937079848 121.9
1714937080349 123.9
1714937080849 123.9
1714937081350 22.0
1714937081851 0.0
1714937082352 0.0
1714937082852 30.0
1714937083353 133.8
1714937083854 131.8
1714937084355 133.8
1714937084856 133.8
1714937085357 131.9
1714937085857 131.8
1714937086358 133.8
1714937086859 133.8
1714937087360 133.8
1714937087861 103.9
1714937088362 0.0
1714937088862 0.0
1714937089363 0.0
1714937089864 85.9
1714937090365 137.9
1714937090865 135.8
1714937091366 135.8
1714937091867 137.8
1714937092368 137.8
1714937092869 139.8
1714937093370 139.8
1714937093871 137.8
1714937094372 137.8
1714937094873 47.9
1714937095373 0.0
1714937095874 0.0
1714937096375 8.0
1714937096876 145.8
1714937097377 147.9
1714937097877 147.8
1714937098378 147.8
1714937098879 145.9
1714937099380 145.8
1714937099881 147.9
1714937100381 147.8
1714937100882 147.8
1714937101383 139.8
1714937101884 2.0
1714937102385 0.0
1714937102886 0.0
1714937103386 71.9
1714937103887 155.8
1714937104388 155.8
1714937104889 155.9
1714937105390 167.8
1714937105890 157.8
1714937106391 155.8
1714937106892 157.8
1714937107393 161.8
1714937107894 155.8
1714937108395 85.9
1714937108896 0.0
1714937109397 0.0
1714937109898 0.0
1714937110398 139.8
1714937110899 161.8
1714937111400 165.8
1714937111901 167.8
1714937112402 167.8
1714937112903 165.8
1714937113404 167.8
1714937113905 167.7
1714937114406 167.8
1714937114907 165.8
1714937115408 26.0
1714937115909 0.0
1714937116409 0.0
1714937116910 42.0
1714937117411 171.8
1714937117912 169.8
1714937118413 169.9
1714937118913 167.8
1714937119415 167.8
1714937119916 169.8
1714937120417 171.8
1714937120917 169.8
1714937121419 167.8
1714937121920 125.8
1714937122420 0.0
1714937122921 0.0
1714937123422 0.0
1714937123923 121.9
1714937124423 187.7
1714937124924 187.8
1714937125425 195.8
1714937125926 199.8
1714937126427 195.8
1714937126928 193.8
1714937127429 193.7
1714937127930 189.8
1714937128431 187.8
1714937128932 59.9
1714937129433 0.0
1714937129934 0.0
1714937130434 10.0
1714937130935 189.7
1714937131436 183.8
1714937131937 187.7
1714937132438 181.7
1714937132940 183.8
1714937133441 185.8
1714937133941 189.7
1714937134443 189.8
1714937134944 181.7
1714937135445 169.7
1714937135946 0.0
1714937136447 0.0
1714937136947 0.0
1714937137448 87.9
1714937137949 189.7
1714937138450 195.8
1714937138952 189.9
1714937139452 191.8
1714937139953 191.8
1714937140454 191.8
1714937140955 191.8
1714937141456 193.7
1714937141958 189.7
1714937142459 97.9
1714937142959 0.0
1714937143460 0.0
1714937143961 2.0
1714937144462 175.8
1714937144963 199.7
1714937145464 199.7
1714937145965 197.7
1714937146466 201.7
1714937146968 197.7
1714937147469 201.9
1714937147970 199.7
1714937148471 199.7
1714937148972 199.7
1714937149473 20.0
1714937149974 0.0
1714937150475 0.0
1714937150976 0.0
1714937151476 0.0
1714937151977 0.0
1714937152478 0.0
1714937152979 0.0
1714937153479 0.0
1714937153980 0.0
