1714936763106 0.0
1714936763607 0.0
1714936764108 0.0
1714936764609 0.0
1714936765109 2.0
1714936765610 0.0
1714936766111 0.0
1714936766612 0.0
1714936767112 0.0
1714936767613 0.0
1714936768114 0.0
1714936768615 0.0
1714936769115 0.0
1714936769616 0.0
1714936770117 0.0
1714936770618 0.0
1714936771119 0.0
1714936771619 0.0
1714936772120 2.0
1714936772621 6.0
1714936773121 6.0
1714936773622 6.0
1714936774123 10.0
1714936774623 6.0
1714936775124 6.0
1714936775625 8.0
1714936776126 6.0
1714936776627 6.0
1714936777127 8.0
1714936777628 2.0
1714936778129 0.0
1714936778629 0.0
1714936779130 2.0
1714936779631 12.0
1714936780131 12.0
1714936780632 14.0
1714936781133 12.0
1714936781633 14.0
1714936782134 10.0
1714936782635 14.0
1714936783136 12.0
1714936783636 16.0
1714936784137 10.0
1714936784638 2.0
1714936785139 0.0
1714936785639 0.0
1714936786140 8.0
1714936786641 20.0
1714936787141 18.0
1714936787642 20.0
1714936788143 18.0
1714936788644 18.0
1714936789144 20.0
1714936789645 18.0
1714936790146 18.0
1714936790647 20.0
1714936791147 12.0
1714936791648 0.0
1714936792149 0.0
1714936792649 0.0
1714936793150 22.0
1714936793651 24.0
1714936794151 26.0
1714936794652 26.0
1714936795153 26.0
1714936795653 26.0
1714936796154 26.0
1714936796655 26.0
1714936797156 26.0
1714936797656 28.0
1714936798157 6.0
1714936798658 0.0
1714936799159 0.0
1714936799659 2.0
1714936800160 34.0
1714936800661 32.0
1714936801161 32.0
1714936801662 32.0
1714936802163 32.0
1714936802664 32.0
1714936803164 30.0
1714936803665 34.0
1714936804166 32.0
1714936804667 28.0
1714936805168 2.0
1714936805668 0.0
1714936806169 0.0
1714936806670 18.0
1714936807171 36.0
1714936807671 36.0
1714936808172 38.0
1714936808673 36.0
1714936809174 36.0
1714936809675 36.0
1714936810175 38.0
1714936810676 36.0
1714936811177 36.0
1714936811677 20.0
1714936812178 0.0
1714936812679 0.0
1714936813180 0.0
1714936813680 40.0
1714936814181 45.9
1714936814682 45.9
1714936815183 45.9
1714936815684 45.9
1714936816184 45.9
1714936816685 43.9
1714936817186 47.9
1714936817687 43.9
1714936818188 43.9
1714936818689 6.0
1714936819189 0.0
1714936819690 0.0
1714936820191 14.0
1714936820692 49.9
1714936821192 51.9
1714936821693 49.9
1714936822194 53.9
1714936822695 49.9
1714936823196 51.9
1714936823697 53.9
1714936824197 49.9
1714936824698 51.9
1714936825199 38.0
1714936825700 0.0
1714936826201 0.0
1714936826701 0.0
1714936827202 40.0
1714936827703 57.9
1714936828204 57.9
1714936828705 55.9
1714936829205 57.9
1714936829706 55.9
1714936830207 59.9
1714936830708 53.9
1714936831209 58.0
1714936831709 57.9
1714936832210 20.0
1714936832711 0.0
1714936833212 0.0
1714936833712 4.0
1714936834213 65.9
1714936834714 67.9
1714936835215 65.9
1714936835716 67.9
1714936836217 65.9
1714936836717 67.9
1714936837218 65.9
1714936837720 69.9
1714936838221 66.0
1714936838721 59.9
1714936839222 2.0
1714936839723 0.0
1714936840224 0.0
1714936840724 36.0
1714936841225 73.9
1714936841726 71.9
1714936842227 71.9
1714936842728 73.9
1714936843229 71.9
1714936843729 71.9
1714936844230 71.9
1714936844731 71.9
1714936845232 73.9
1714936845733 36.0
1714936846234 0.0
1714936846734 0.0
1714936847235 2.0
1714936847736 73.9
1714936848236 83.9
1714936848737 81.9
1714936849238 83.9
1714936849739 83.9
1714936850240 83.9
1714936850741 81.9
1714936851241 83.9
1714936851742 85.9
1714936852243 83.9
1714936852744 8.0
1714936853245 0.0
1714936853745 0.0
1714936854246 26.0
1714936854747 81.9
1714936855248 83.9
1714936855749 86.0
1714936856249 83.9
1714936856750 83.9
1714936857251 83.9
1714936857752 85.9
1714936858253 83.9
1714936858754 83.9
1714936859255 57.9
1714936859756 0.0
1714936860257 0.0
1714936860757 0.0
1714936861258 65.9
1714936861759 93.9
1714936862260 91.9
1714936862761 93.9
1714936863262 91.9
1714936863763 91.9
1714936864264 93.9
1714936864765 91.9
1714936865265 91.9
1714936865766 91.9
1714936866267 26.0
1714936866768 0.0
1714936867269 0.0
1714936867769 12.0
1714936868270 99.9
1714936868771 101.9
1714936869272 97.9
1714936869773 99.9
1714936870273 101.9
1714936870774 97.9
1714936871275 99.9
1714936871776 99.9
1714936872277 99.9
1714936872778 83.9
1714936873279 0.0
1714936873779 0.0
1714936874280 0.0
1714936874781 56.0
1714936875281 97.9
1714936875782 101.9
1714936876283 99.9
1714936876784 99.9
1714936877285 97.9
1714936877786 99.9
1714936878287 99.9
1714936878788 99.9
1714936879289 99.9
1714936879789 43.9
1714936880290 0.0
1714936880791 0.0
1714936881292 2.0
1714936881792 93.9
1714936882293 101.9
1714936882794 97.9
1714936883295 99.9
1714936883796 101.9
1714936884297 99.9
1714936884798 97.9
1714936885299 99.9
1714936885800 101.9
1714936886301 97.9
1714936886801 6.0
1714936887302 0.0
1714936887803 0.0
1714936888304 36.0
1714936888805 101.9
1714936889305 97.9
1714936889806 101.9
1714936890307 99.9
1714936890808 99.9
1714936891309 100.0
1714936891809 99.9
1714936892310 99.9
1714936892811 99.9
1714936893312 61.9
1714936893813 0.0
1714936894314 0.0
1714936894815 0.0
1714936895315 77.9
1714936895816 101.9
1714936896317 97.9
1714936896818 101.9
1714936897319 99.9
1714936897820 99.9
1714936898321 100.0
1714936898821 99.9
1714936899322 99.9
1714936899823 99.9
1714936900324 20.0
1714936900825 0.0
1714936901326 2.0
1714936901827 18.0
1714936902327 97.9
1714936902828 99.9
1714936903329 99.9
1714936903830 101.9
1714936904331 99.9
1714936904832 97.9
1714936905333 102.0
1714936905833 99.9
1714936906334 99.9
1714936906835 79.9
1714936907336 0.0
1714936907837 0.0
1714936908337 0.0
1714936908838 59.9
1714936909339 99.9
1714936909840 99.9
1714936910341 99.9
1714936910841 99.9
1714936911342 99.9
1714936911843 99.9
1714936912344 99.9
1714936912845 101.9
1714936913346 97.9
1714936913847 41.9
1714936914347 0.0
1714936914848 0.0
1714936915349 0.0
1714936915849 99.9
1714936916350 99.9
1714936916851 99.9
1714936917352 99.9
1714936917853 101.9
1714936918354 99.9
1714936918855 99.9
1714936919355 99.9
1714936919856 99.9
1714936920357 97.9
1714936920858 0.0
1714936921359 0.0
1714936921860 0.0
1714936922360 38.0
1714936922861 99.9
1714936923362 99.9
1714936923863 99.9
1714936924364 99.9
1714936924865 100.0
1714936925365 99.9
1714936925866 99.9
1714936926367 99.9
1714936926868 101.9
1714936927369 61.9
1714936927870 0.0
1714936928371 0.0
1714936928871 0.0
1714936929372 77.9
1714936929873 100.0
1714936930373 101.9
1714936930874 99.9
1714936931375 99.9
1714936931876 99.9
1714936932377 98.0
1714936932877 101.9
1714936933378 97.9
1714936933879 99.9
1714936934380 20.0
1714936934881 0.0
1714936935381 0.0
1714936935882 20.0
1714936936383 97.9
1714936936884 101.9
1714936937385 99.9
1714936937885 99.9
1714936938386 99.9
1714936938887 99.9
1714936939388 99.9
1714936939889 101.9
1714936940390 97.9
1714936940891 83.9
1714936941392 0.0
1714936941892 0.0
1714936942393 0.0
1714936942893 0.0
1714936943394 0.0
1714936943895 0.0
1714936944395 0.0
1714936944896 0.0
1714936945397 0.0
1714936945898 0.0
