1714936574930 0.0
1714936575430 0.0
1714936575931 0.0
1714936576432 0.0
1714936576933 4.0
1714936577433 0.0
1714936577934 0.0
1714936578435 0.0
1714936578935 0.0
1714936579436 0.0
1714936579937 0.0
1714936580437 0.0
1714936580938 0.0
1714936581439 0.0
1714936581939 0.0
1714936582440 0.0
1714936582941 2.0
1714936583442 0.0
1714936583943 0.0
1714936584443 0.0
1714936584944 6.0
1714936585445 10.0
1714936585945 6.0
1714936586446 8.0
1714936586947 6.0
1714936587447 8.0
1714936587948 6.0
1714936588448 8.0
1714936588949 6.0
1714936589450 6.0
1714936589951 0.0
1714936590452 0.0
1714936590952 0.0
1714936591453 8.0
1714936591954 12.0
1714936592455 12.0
1714936592955 14.0
1714936593456 12.0
1714936593957 14.0
1714936594457 12.0
1714936594958 14.0
1714936595459 14.0
1714936595960 12.0
1714936596460 8.0
1714936596961 0.0
1714936597462 0.0
1714936597963 2.0
1714936598463 14.0
1714936598964 22.0
1714936599465 20.0
1714936599966 20.0
1714936600467 20.0
1714936600967 20.0
1714936601468 20.0
1714936601969 20.0
1714936602469 18.0
1714936602970 22.0
1714936603471 4.0
1714936603972 0.0
1714936604472 0.0
1714936604973 4.0
1714936605474 26.0
1714936605975 28.0
1714936606475 26.0
1714936606976 26.0
1714936607477 26.0
1714936607977 28.0
1714936608478 26.0
1714936608979 26.0
1714936609480 26.0
1714936609980 24.0
1714936610481 0.0
1714936610982 0.0
1714936611483 0.0
1714936611984 16.0
1714936612484 32.0
1714936612985 30.0
1714936613486 34.0
1714936613987 30.0
1714936614488 32.0
1714936614988 32.0
1714936615489 32.0
1714936615990 30.0
1714936616491 32.0
1714936616992 18.0
1714936617492 0.0
1714936617993 0.0
1714936618494 0.0
1714936618995 32.0
1714936619495 40.0
1714936619996 40.0
1714936620497 40.0
1714936620997 38.0
1714936621498 40.0
1714936621999 40.0
1714936622500 38.0
1714936623001 38.0
1714936623501 40.0
1714936624002 6.0
1714936624503 0.0
1714936625004 0.0
1714936625504 12.0
1714936626005 43.9
1714936626506 43.9
1714936627007 43.9
1714936627508 42.0
1714936628008 43.9
1714936628509 45.9
1714936629010 43.9
1714936629511 43.9
1714936630012 43.9
1714936630513 30.0
1714936631013 0.0
1714936631514 0.0
1714936632015 0.0
1714936632516 34.0
1714936633016 49.9
1714936633517 49.9
1714936634018 49.9
1714936634519 51.9
1714936635020 47.9
1714936635521 50.0
1714936636021 49.9
1714936636522 47.9
1714936637023 49.9
1714936637524 16.0
1714936638025 0.0
1714936638525 0.0
1714936639026 6.0
1714936639527 59.9
1714936640028 57.9
1714936640529 62.0
1714936641029 57.9
1714936641530 61.9
1714936642031 57.9
1714936642532 59.9
1714936643033 57.9
1714936643533 59.9
1714936644034 53.9
1714936644535 0.0
1714936645036 0.0
1714936645537 0.0
1714936646037 34.0
1714936646538 65.9
1714936647039 65.9
1714936647540 65.9
1714936648041 65.9
1714936648541 63.9
1714936649042 65.9
1714936649543 65.9
1714936650044 65.9
1714936650545 65.9
1714936651046 34.0
1714936651546 0.0
1714936652047 0.0
1714936652547 0.0
1714936653048 65.9
1714936653549 72.0
1714936654049 69.9
1714936654550 71.9
1714936655051 69.9
1714936655552 71.9
1714936656053 69.9
1714936656554 71.9
1714936657055 71.9
1714936657556 69.9
1714936658056 6.0
1714936658557 0.0
1714936659058 0.0
1714936659559 26.0
1714936660059 79.9
1714936660560 79.9
1714936661061 79.9
1714936661562 77.9
1714936662063 79.9
1714936662564 79.9
1714936663065 79.9
1714936663565 77.9
1714936664066 79.9
1714936664567 51.9
1714936665068 0.0
1714936665569 0.0
1714936666070 2.0
1714936666570 59.9
1714936667071 85.9
1714936667572 87.9
1714936668073 86.0
1714936668573 85.9
1714936669074 83.9
1714936669575 89.9
1714936670076 85.9
1714936670577 85.9
1714936671078 85.9
1714936671579 22.0
1714936672080 0.0
1714936672581 0.0
1714936673081 12.0
1714936673582 91.9
1714936674083 91.9
1714936674584 93.9
1714936675085 95.9
1714936675586 91.9
1714936676086 97.9
1714936676587 91.9
1714936677088 93.9
1714936677589 95.9
1714936678090 79.9
1714936678591 0.0
1714936679092 0.0
1714936679592 0.0
1714936680093 49.9
1714936680594 99.9
1714936681095 97.9
1714936681596 97.9
1714936682097 99.9
1714936682597 95.9
1714936683098 97.9
1714936683599 99.9
1714936684100 99.9
1714936684601 99.9
1714936685102 47.9
1714936685603 0.0
1714936686104 0.0
1714936686604 0.0
1714936687105 91.9
1714936687606 99.9
1714936688107 99.9
1714936688608 99.9
1714936689109 99.9
1714936689609 99.9
1714936690110 99.9
1714936690611 99.9
1714936691112 99.9
1714936691613 100.0
1714936692113 8.0
1714936692614 0.0
1714936693115 0.0
1714936693615 30.0
1714936694116 99.9
1714936694617 99.9
1714936695118 101.9
1714936695619 99.9
1714936696120 97.9
1714936696621 99.9
1714936697121 101.9
1714936697622 99.9
1714936698123 99.9
1714936698624 69.9
1714936699125 0.0
1714936699626 0.0
1714936700127 0.0
1714936700627 67.9
1714936701128 101.9
1714936701629 99.9
1714936702130 97.9
1714936702631 101.9
1714936703132 99.9
1714936703633 99.9
1714936704134 99.9
1714936704635 99.9
1714936705136 101.9
1714936705637 28.0
1714936706137 0.0
1714936706638 0.0
1714936707139 8.0
1714936707640 99.9
1714936708141 99.9
1714936708641 101.9
1714936709142 97.9
1714936709643 99.9
1714936710144 101.9
1714936710645 99.9
1714936711145 99.9
1714936711646 99.9
1714936712147 89.9
1714936712648 0.0
1714936713148 0.0
1714936713649 0.0
1714936714150 45.9
1714936714651 99.9
1714936715152 101.9
1714936715653 97.9
1714936716153 101.9
1714936716654 99.9
1714936717155 97.9
1714936717656 101.9
1714936718157 99.9
1714936718658 99.9
1714936719159 51.9
1714936719660 0.0
1714936720161 0.0
1714936720661 0.0
1714936721162 83.9
1714936721663 99.9
1714936722164 101.9
1714936722665 99.9
1714936723165 99.9
1714936723666 99.9
1714936724167 99.9
1714936724668 99.9
1714936725169 99.9
1714936725670 99.9
1714936726171 18.0
1714936726672 0.0
1714936727172 0.0
1714936727673 20.0
1714936728174 101.9
1714936728675 99.9
1714936729176 99.9
1714936729677 99.9
1714936730178 99.9
1714936730679 99.9
1714936731180 99.9
1714936731681 101.9
1714936732181 97.9
1714936732682 73.9
1714936733183 0.0
1714936733684 0.0
1714936734185 0.0
1714936734685 63.9
1714936735186 101.9
1714936735687 97.9
1714936736188 101.9
1714936736689 99.9
1714936737190 99.9
1714936737691 99.9
1714936738192 99.9
1714936738693 99.9
1714936739194 99.9
1714936739695 36.0
1714936740196 0.0
1714936740696 0.0
1714936741197 4.0
1714936741697 99.9
1714936742198 99.9
1714936742699 99.9
1714936743200 99.9
1714936743701 101.9
1714936744202 97.9
1714936744703 99.9
1714936745204 99.9
1714936745704 99.9
1714936746205 95.9
1714936746706 0.0
1714936747207 0.0
1714936747708 0.0
1714936748208 45.9
1714936748709 99.9
1714936749211 99.9
1714936749712 99.9
1714936750213 100.0
1714936750713 99.9
1714936751214 99.9
1714936751715 99.9
1714936752216 99.9
1714936752717 99.9
1714936753218 55.9
1714936753719 0.0
1714936754220 0.0
1714936754720 0.0
1714936755221 0.0
1714936755722 0.0
1714936756223 0.0
1714936756724 0.0
1714936757224 0.0
1714936757725 0.0
