1714937346541 0.0
1714937347042 0.0
1714937347543 0.0
1714937348043 0.0
1714937348544 2.0
1714937349045 0.0
1714937349546 0.0
1714937350046 0.0
1714937350547 0.0
1714937351048 0.0
1714937351548 0.0
1714937352049 0.0
1714937352550 0.0
1714937353051 0.0
1714937353551 0.0
1714937354052 0.0
1714937354553 0.0
1714937355054 0.0
1714937355554 0.0
1714937356055 10.0
1714937356556 8.0
1714937357056 6.0
1714937357557 12.0
1714937358058 8.0
1714937358559 8.0
1714937359059 10.0
1714937359560 8.0
1714937360061 8.0
1714937360561 8.0
1714937361062 4.0
1714937361563 0.0
1714937362064 0.0
1714937362564 4.0
1714937363065 14.0
1714937363566 18.0
1714937364067 16.0
1714937364567 14.0
1714937365068 18.0
1714937365569 16.0
1714937366069 14.0
1714937366570 16.0
1714937367071 14.0
1714937367572 14.0
1714937368072 0.0
1714937368573 0.0
1714937369074 0.0
1714937369575 12.0
1714937370075 24.0
1714937370576 22.0
1714937371077 24.0
1714937371577 22.0
1714937372078 24.0
1714937372579 22.0
1714937373080 24.0
1714937373580 22.0
1714937374081 24.0
1714937374582 10.0
1714937375083 0.0
1714937375584 0.0
1714937376084 0.0
1714937376585 30.0
1714937377086 30.0
1714937377587 32.0
1714937378087 30.0
1714937378588 30.0
1714937379089 32.0
1714937379589 30.0
1714937380090 34.0
1714937380591 30.0
1714937381092 30.0
1714937381592 4.0
1714937382093 0.0
1714937382593 0.0
1714937383094 8.0
1714937383595 40.0
1714937384096 38.0
1714937384596 40.0
1714937385097 36.0
1714937385598 42.0
1714937386099 38.0
1714937386600 38.0
1714937387101 38.0
1714937387601 38.0
1714937388102 30.0
1714937388603 0.0
1714937389104 0.0
1714937389604 0.0
1714937390105 30.0
1714937390606 45.9
1714937391107 47.9
1714937391608 45.9
1714937392108 45.9
1714937392609 45.9
1714937393110 45.9
1714937393611 47.9
1714937394112 45.9
1714937394612 47.9
1714937395113 18.0
1714937395614 0.0
1714937396115 0.0
1714937396615 4.0
1714937397116 53.9
1714937397617 56.0
1714937398117 53.9
1714937398618 53.9
1714937399119 55.9
1714937399620 55.9
1714937400120 53.9
1714937400621 55.9
1714937401122 57.9
1714937401623 51.9
1714937402124 2.0
1714937402625 0.0
1714937403125 0.0
1714937403626 28.0
1714937404127 60.0
1714937404627 61.9
1714937405128 59.9
1714937405629 65.9
1714937406129 61.9
1714937406630 61.9
1714937407131 59.9
1714937407632 61.9
1714937408133 60.0
1714937408633 36.0
1714937409134 0.0
1714937409635 0.0
1714937410136 0.0
1714937410636 59.9
1714937411137 71.9
1714937411638 71.9
1714937412139 71.9
1714937412640 69.9
1714937413141 67.9
1714937413641 71.9
1714937414142 69.9
1714937414643 73.9
1714937415144 67.9
1714937415645 10.0
1714937416145 0.0
1714937416646 0.0
1714937417147 26.0
1714937417647 79.9
1714937418148 79.9
1714937418649 82.0
1714937419149 79.9
1714937419650 77.9
1714937420151 77.9
1714937420652 77.9
1714937421153 79.9
1714937421654 77.9
1714937422154 57.9
1714937422655 0.0
1714937423156 0.0
1714937423657 0.0
1714937424157 59.9
1714937424658 89.9
1714937425159 83.9
1714937425660 85.9
1714937426161 85.9
1714937426661 85.9
1714937427162 87.9
1714937427663 85.9
1714937428164 85.9
1714937428665 85.9
1714937429165 28.0
1714937429666 0.0
1714937430167 0.0
1714937430668 8.0
1714937431168 95.9
1714937431669 93.9
1714937432170 93.9
1714937432671 91.9
1714937433172 97.9
1714937433673 95.9
1714937434173 101.9
1714937434674 95.9
1714937435175 97.9
1714937435676 89.9
1714937436177 0.0
1714937436678 0.0
1714937437179 0.0
1714937437679 51.9
1714937438180 101.9
1714937438681 104.0
1714937439181 107.9
1714937439682 103.9
1714937440183 99.9
1714937440684 103.9
1714937441185 101.9
1714937441685 103.9
1714937442186 103.9
1714937442687 51.9
1714937443188 0.0
1714937443689 0.0
1714937444190 0.0
1714937444690 93.9
1714937445191 107.9
1714937445692 103.9
1714937446193 109.9
1714937446693 105.9
1714937447194 109.9
1714937447695 107.9
1714937448196 108.0
1714937448697 107.9
1714937449197 107.9
1714937449698 10.0
1714937450199 0.0
1714937450700 0.0
1714937451201 34.0
1714937451701 119.9
1714937452202 117.8
1714937452703 121.9
1714937453204 119.9
1714937453705 119.9
1714937454206 119.9
1714937454707 117.9
1714937455208 121.8
1714937455709 119.9
1714937456209 81.9
1714937456710 0.0
1714937457211 0.0
1714937457711 2.0
1714937458212 91.9
1714937458713 137.8
1714937459214 131.8
1714937459715 131.8
1714937460216 129.8
1714937460717 131.8
1714937461218 133.8
1714937461719 131.8
1714937462220 131.8
1714937462721 131.9
1714937463221 41.9
1714937463722 0.0
1714937464223 0.0
1714937464724 8.0
1714937465225 135.9
1714937465725 135.8
1714937466226 139.8
1714937466727 133.8
1714937467228 135.8
1714937467729 135.8
1714937468230 135.8
1714937468731 133.8
1714937469232 135.8
1714937469733 123.9
1714937470233 0.0
1714937470734 0.0
1714937471235 0.0
1714937471736 69.9
1714937472236 145.9
1714937472737 147.9
1714937473237 149.9
1714937473738 145.8
1714937474239 147.8
1714937474740 147.8
1714937475241 147.9
1714937475741 147.8
1714937476242 145.8
1714937476743 75.9
1714937477244 0.0
1714937477745 0.0
1714937478246 0.0
1714937478746 126.0
1714937479247 151.8
1714937479748 151.8
1714937480249 151.8
1714937480750 153.8
1714937481251 153.8
1714937481752 149.8
1714937482253 151.9
1714937482754 153.8
1714937483255 153.8
1714937483756 22.0
1714937484256 0.0
1714937484757 0.0
1714937485258 38.0
1714937485759 159.8
1714937486260 157.8
1714937486761 169.9
1714937487261 165.8
1714937487762 161.8
1714937488263 165.8
1714937488764 161.8
1714937489265 163.8
1714937489766 161.8
1714937490267 119.9
1714937490768 0.0
1714937491269 0.0
1714937491770 0.0
1714937492270 107.9
1714937492771 169.8
1714937493272 171.8
1714937493773 169.8
1714937494274 169.8
1714937494775 171.8
1714937495276 171.8
1714937495777 169.7
1714937496278 171.8
1714937496779 171.8
1714937497280 59.9
1714937497781 0.0
1714937498282 0.0
1714937498783 2.0
1714937499284 177.8
1714937499785 173.8
1714937500285 177.8
1714937500787 175.8
1714937501288 179.8
1714937501789 179.8
1714937502290 175.8
1714937502791 179.8
1714937503292 169.8
1714937503793 163.9
1714937504293 2.0
1714937504794 0.0
1714937505295 0.0
1714937505796 75.9
1714937506296 189.7
1714937506797 187.8
1714937507298 187.7
1714937507800 187.8
1714937508301 187.8
1714937508801 189.7
1714937509303 191.8
1714937509804 189.7
1714937510305 191.8
1714937510805 107.9
1714937511306 0.0
1714937511807 0.0
1714937512308 0.0
1714937512809 153.9
1714937513309 197.9
1714937513810 199.8
1714937514311 197.8
1714937514811 197.8
1714937515312 197.8
1714937515813 195.8
1714937516314 197.7
1714937516815 197.8
1714937517316 197.8
1714937517817 38.0
1714937518318 0.0
1714937518818 0.0
1714937519319 32.0
1714937519820 197.7
1714937520321 199.9
1714937520821 197.7
1714937521322 199.7
1714937521823 197.8
1714937522325 197.7
1714937522826 199.7
1714937523327 197.7
1714937523828 199.7
1714937524329 159.8
1714937524830 0.0
1714937525331 0.0
1714937525831 0.0
1714937526332 0.0
1714937526833 0.0
1714937527333 0.0
1714937527834 2.0
1714937528335 0.0
1714937528835 0.0
1714937529336 0.0
