1714936386506 0.0
1714936387007 0.0
1714936387508 0.0
1714936388009 0.0
1714936388509 4.0
1714936389010 0.0
1714936389511 0.0
1714936390012 0.0
1714936390512 0.0
1714936391013 0.0
1714936391514 0.0
1714936392015 0.0
1714936392515 0.0
1714936393016 0.0
1714936393517 0.0
1714936394018 0.0
1714936394518 0.0
1714936395019 0.0
1714936395520 0.0
1714936396021 4.0
1714936396521 8.0
1714936397022 6.0
1714936397523 6.0
1714936398024 6.0
1714936398524 6.0
1714936399025 8.0
1714936399526 6.0
1714936400027 8.0
1714936400527 4.0
1714936401028 4.0
1714936401529 0.0
1714936402030 0.0
1714936402530 0.0
1714936403031 12.0
1714936403532 12.0
1714936404033 12.0
1714936404533 14.0
1714936405034 14.0
1714936405535 12.0
1714936406036 12.0
1714936406536 14.0
1714936407037 10.0
1714936407538 14.0
1714936408039 2.0
1714936408539 0.0
1714936409040 0.0
1714936409541 6.0
1714936410042 20.0
1714936410543 18.0
1714936411043 20.0
1714936411544 16.0
1714936412045 20.0
1714936412546 18.0
1714936413047 18.0
1714936413548 18.0
1714936414048 20.0
1714936414549 14.0
1714936415050 0.0
1714936415551 0.0
1714936416052 0.0
1714936416552 16.0
1714936417053 26.0
1714936417554 28.0
1714936418055 26.0
1714936418556 26.0
1714936419056 26.0
1714936419557 26.0
1714936420058 26.0
1714936420559 28.0
1714936421060 26.0
1714936421560 10.0
1714936422061 0.0
1714936422562 0.0
1714936423063 2.0
1714936423564 30.0
1714936424064 32.0
1714936424565 34.0
1714936425066 32.0
1714936425567 30.0
1714936426068 32.0
1714936426568 34.0
1714936427069 32.0
1714936427570 34.0
1714936428071 30.0
1714936428572 2.0
1714936429072 0.0
1714936429573 0.0
1714936430074 16.0
1714936430575 38.0
1714936431075 38.0
1714936431576 38.0
1714936432077 37.9
1714936432578 36.0
1714936433079 38.0
1714936433579 38.0
1714936434080 38.0
1714936434581 36.0
1714936435081 22.0
1714936435582 0.0
1714936436083 0.0
1714936436584 0.0
1714936437084 40.0
1714936437585 45.9
1714936438086 45.9
1714936438587 45.9
1714936439088 45.9
1714936439589 46.0
1714936440089 45.9
1714936440590 43.9
1714936441091 45.9
1714936441592 43.9
1714936442093 8.0
1714936442593 0.0
1714936443094 0.0
1714936443595 12.0
1714936444096 47.9
1714936444596 51.9
1714936445097 47.9
1714936445598 51.9
1714936446099 51.9
1714936446600 47.9
1714936447101 49.9
1714936447601 49.9
1714936448102 51.9
1714936448603 38.0
1714936449104 0.0
1714936449605 0.0
1714936450106 2.0
1714936450606 32.0
1714936451107 57.9
1714936451608 55.9
1714936452109 54.0
1714936452609 57.9
1714936453110 55.9
1714936453611 57.9
1714936454112 53.9
1714936454613 56.0
1714936455113 55.9
1714936455614 22.0
1714936456115 0.0
1714936456616 0.0
1714936457116 2.0
1714936457617 63.9
1714936458118 63.9
1714936458619 65.9
1714936459120 64.0
1714936459620 63.9
1714936460121 63.9
1714936460622 63.9
1714936461123 63.9
1714936461623 63.9
1714936462124 63.9
1714936462625 2.0
1714936463126 0.0
1714936463626 0.0
1714936464127 28.0
1714936464628 71.9
1714936465129 71.9
1714936465629 71.9
1714936466130 69.9
1714936466631 71.9
1714936467132 69.9
1714936467633 71.9
1714936468133 71.9
1714936468634 69.9
1714936469135 41.9
1714936469636 0.0
1714936470137 0.0
1714936470637 0.0
1714936471138 64.0
1714936471638 83.9
1714936472139 79.9
1714936472640 79.9
1714936473141 81.9
1714936473642 81.9
1714936474143 83.9
1714936474644 81.9
1714936475145 81.9
1714936475646 79.9
1714936476147 16.0
1714936476647 0.0
1714936477148 0.0
1714936477649 14.0
1714936478149 85.9
1714936478650 81.9
1714936479151 81.9
1714936479652 83.9
1714936480153 84.0
1714936480654 81.9
1714936481154 81.9
1714936481655 79.9
1714936482156 81.9
1714936482657 65.9
1714936483158 0.0
1714936483659 0.0
1714936484159 0.0
1714936484660 53.9
1714936485161 94.0
1714936485661 95.9
1714936486162 95.9
1714936486663 95.9
1714936487164 93.9
1714936487665 95.9
1714936488166 95.9
1714936488667 95.9
1714936489167 93.9
1714936489668 39.9
1714936490169 0.0
1714936490670 0.0
1714936491171 0.0
1714936491671 95.9
1714936492172 99.9
1714936492673 99.9
1714936493174 99.9
1714936493675 99.9
1714936494176 99.9
1714936494677 99.9
1714936495177 99.9
1714936495678 99.9
1714936496179 99.9
1714936496680 0.0
1714936497181 0.0
1714936497682 0.0
1714936498183 40.0
1714936498683 99.9
1714936499184 99.9
1714936499685 99.9
1714936500186 99.9
1714936500687 99.9
1714936501188 99.9
1714936501689 101.9
1714936502190 99.9
1714936502691 97.9
1714936503192 61.9
1714936503693 0.0
1714936504193 0.0
1714936504694 0.0
1714936505195 75.9
1714936505696 101.9
1714936506197 99.9
1714936506697 99.9
1714936507198 99.9
1714936507699 99.9
1714936508200 99.9
1714936508701 101.9
1714936509202 97.9
1714936509703 101.9
1714936510204 20.0
1714936510705 0.0
1714936511206 0.0
1714936511706 20.0
1714936512207 99.9
1714936512708 99.9
1714936513209 99.9
1714936513710 99.9
1714936514211 99.9
1714936514712 99.9
1714936515213 99.9
1714936515714 99.9
1714936516215 101.9
1714936516716 79.9
1714936517216 0.0
1714936517717 0.0
1714936518218 0.0
1714936518719 57.9
1714936519220 99.9
1714936519721 99.9
1714936520221 99.9
1714936520722 101.9
1714936521223 97.9
1714936521724 101.9
1714936522225 99.9
1714936522726 99.9
1714936523227 99.9
1714936523728 43.9
1714936524229 0.0
1714936524730 0.0
1714936525230 0.0
1714936525731 97.9
1714936526232 101.9
1714936526733 97.9
1714936527233 99.9
1714936527734 99.9
1714936528235 99.9
1714936528736 101.9
1714936529237 99.9
1714936529737 99.9
1714936530238 97.9
1714936530739 2.0
1714936531240 0.0
1714936531741 0.0
1714936532241 39.9
1714936532742 97.9
1714936533243 99.9
1714936533744 101.9
1714936534245 99.9
1714936534745 99.9
1714936535246 99.9
1714936535747 99.9
1714936536248 101.9
1714936536749 99.9
1714936537250 59.9
1714936537751 0.0
1714936538252 0.0
1714936538752 0.0
1714936539253 77.9
1714936539754 99.9
1714936540255 99.9
1714936540756 99.9
1714936541256 99.9
1714936541757 99.9
1714936542258 99.9
1714936542759 101.9
1714936543260 99.9
1714936543761 98.0
1714936544261 22.0
1714936544762 0.0
1714936545263 0.0
1714936545764 18.0
1714936546265 99.9
1714936546765 99.9
1714936547266 99.9
1714936547767 99.9
1714936548268 101.9
1714936548769 98.0
1714936549269 101.9
1714936549770 99.9
1714936550271 99.9
1714936550772 81.9
1714936551273 0.0
1714936551774 0.0
1714936552274 0.0
1714936552775 57.9
1714936553276 99.9
1714936553777 99.9
1714936554277 99.9
1714936554778 99.9
1714936555279 100.0
1714936555780 99.9
1714936556281 99.9
1714936556781 101.9
1714936557282 99.9
1714936557783 42.0
1714936558284 0.0
1714936558785 0.0
1714936559285 0.0
1714936559786 97.9
1714936560287 99.9
1714936560788 99.9
1714936561289 99.9
1714936561790 99.9
1714936562291 99.9
1714936562792 99.9
1714936563293 99.9
1714936563793 99.9
1714936564294 99.9
1714936564795 2.0
1714936565296 0.0
1714936565797 0.0
1714936566297 0.0
1714936566798 0.0
1714936567299 0.0
1714936567799 0.0
1714936568300 0.0
1714936568801 0.0
1714936569302 0.0
1714936569802 0.0
