1714935593416 0.0
1714935593916 0.0
1714935594417 0.0
1714935594918 0.0
1714935595418 4.0
1714935595919 0.0
1714935596420 0.0
1714935596921 0.0
1714935597421 0.0
1714935597922 0.0
1714935598423 0.0
1714935598924 0.0
1714935599424 0.0
1714935599925 0.0
1714935600426 0.0
1714935600927 0.0
1714935601427 0.0
1714935601928 0.0
1714935602429 2.0
1714935602930 8.0
1714935603430 8.0
1714935603931 6.0
1714935604432 8.0
1714935604933 8.0
1714935605433 6.0
1714935605934 8.0
1714935606435 8.0
1714935606936 6.0
1714935607436 8.0
1714935607937 2.0
1714935608438 0.0
1714935608939 0.0
1714935609440 4.0
1714935609940 14.0
1714935610441 14.0
1714935610942 12.0
1714935611443 14.0
1714935611943 14.0
1714935612444 14.0
1714935612945 14.0
1714935613446 14.0
1714935613947 14.0
1714935614447 10.0
1714935614948 0.0
1714935615449 0.0
1714935615949 0.0
1714935616450 12.0
1714935616951 22.0
1714935617452 20.0
1714935617952 18.0
1714935618453 20.0
1714935618954 20.0
1714935619455 20.0
1714935619955 18.0
1714935620456 22.0
1714935620957 18.0
1714935621457 8.0
1714935621958 0.0
1714935622459 0.0
1714935622959 0.0
1714935623460 28.0
1714935623961 26.0
1714935624462 26.0
1714935624963 26.0
1714935625463 24.0
1714935625964 26.0
1714935626465 26.0
1714935626966 24.0
1714935627467 28.0
1714935627967 26.0
1714935628468 0.0
1714935628969 0.0
1714935629470 0.0
1714935629970 12.0
1714935630471 30.0
1714935630972 30.0
1714935631473 32.0
1714935631973 28.0
1714935632474 32.0
1714935632975 30.0
1714935633476 30.0
1714935633977 30.0
1714935634477 32.0
1714935634978 18.0
1714935635479 0.0
1714935635980 0.0
1714935636481 0.0
1714935636981 30.0
1714935637482 38.0
1714935637983 36.0
1714935638484 38.0
1714935638984 36.0
1714935639485 37.9
1714935639986 36.0
1714935640487 38.0
1714935640988 36.0
1714935641488 37.9
1714935641989 10.0
1714935642490 0.0
1714935642991 0.0
1714935643492 4.0
1714935643992 43.9
1714935644493 41.9
1714935644994 45.9
1714935645495 42.0
1714935645996 43.9
1714935646496 41.9
1714935646997 41.9
1714935647498 42.0
1714935647999 43.9
1714935648500 38.0
1714935649001 0.0
1714935649501 0.0
1714935650002 0.0
1714935650503 26.0
1714935651004 50.0
1714935651504 49.9
1714935652005 52.0
1714935652505 49.9
1714935653006 49.9
1714935653507 51.9
1714935654008 49.9
1714935654509 50.0
1714935655009 51.9
1714935655510 26.0
1714935656011 0.0
1714935656512 0.0
1714935657013 0.0
1714935657513 51.9
1714935658014 57.9
1714935658515 61.9
1714935659016 57.9
1714935659516 59.9
1714935660017 59.9
1714935660518 59.9
1714935661019 57.9
1714935661520 57.9
1714935662021 59.9
1714935662521 8.0
1714935663022 0.0
1714935663523 0.0
1714935664024 10.0
1714935664524 63.9
1714935665025 61.9
1714935665526 61.9
1714935666027 61.9
1714935666528 63.9
1714935667029 61.9
1714935667529 63.9
1714935668030 63.9
1714935668531 61.9
1714935669032 53.9
1714935669533 0.0
1714935670033 0.0
1714935670534 0.0
1714935671035 34.0
1714935671536 67.9
1714935672036 65.9
1714935672537 67.9
1714935673038 67.9
1714935673539 63.9
1714935674040 67.9
1714935674541 68.0
1714935675041 66.0
1714935675542 67.9
1714935676043 34.0
1714935676544 0.0
1714935677044 0.0
1714935677545 0.0
1714935678046 67.9
1714935678547 81.9
1714935679048 79.9
1714935679549 79.9
1714935680049 77.9
1714935680550 79.9
1714935681051 81.9
1714935681552 78.0
1714935682052 79.9
1714935682553 81.9
1714935683054 10.0
1714935683555 0.0
1714935684056 0.0
1714935684556 22.0
1714935685057 79.9
1714935685558 83.9
1714935686059 83.9
1714935686560 81.9
1714935687061 82.0
1714935687561 81.9
1714935688062 81.9
1714935688563 81.9
1714935689064 83.9
1714935689565 59.9
1714935690066 0.0
1714935690566 0.0
1714935691067 2.0
1714935691568 51.9
1714935692069 89.9
1714935692569 89.9
1714935693070 89.9
1714935693571 91.9
1714935694072 93.9
1714935694574 93.9
1714935695075 89.9
1714935695575 91.9
1714935696076 89.9
1714935696577 38.0
1714935697078 0.0
1714935697579 0.0
1714935698080 0.0
1714935698581 81.9
1714935699081 101.9
1714935699582 97.9
1714935700083 99.9
1714935700584 101.9
1714935701085 99.9
1714935701586 99.9
1714935702087 97.9
1714935702588 101.9
1714935703089 99.9
1714935703590 14.0
1714935704091 0.0
1714935704592 0.0
1714935705092 14.0
1714935705593 99.9
1714935706094 99.9
1714935706595 99.9
1714935707096 99.9
1714935707597 99.9
1714935708098 101.9
1714935708599 97.9
1714935709100 101.9
1714935709601 97.9
1714935710102 86.0
1714935710602 0.0
1714935711103 0.0
1714935711604 0.0
1714935712105 28.0
1714935712605 99.9
1714935713106 99.9
1714935713607 99.9
1714935714108 101.9
1714935714609 97.9
1714935715110 99.9
1714935715611 99.9
1714935716112 101.9
1714935716613 97.9
1714935717113 73.9
1714935717614 0.0
1714935718115 0.0
1714935718616 0.0
1714935719116 51.9
1714935719617 99.9
1714935720118 99.9
1714935720619 99.9
1714935721120 99.9
1714935721621 99.9
1714935722122 99.9
1714935722623 99.9
1714935723124 99.9
1714935723625 101.9
1714935724125 45.9
1714935724626 0.0
1714935725127 0.0
1714935725628 0.0
1714935726128 77.9
1714935726629 101.9
1714935727130 99.9
1714935727631 97.9
1714935728132 101.9
1714935728633 98.0
1714935729133 101.9
1714935729634 97.9
1714935730135 99.9
1714935730636 97.9
1714935731137 22.0
1714935731638 0.0
1714935732138 0.0
1714935732639 8.0
1714935733140 97.9
1714935733641 102.0
1714935734141 97.9
1714935734642 99.9
1714935735143 101.9
1714935735644 99.9
1714935736145 99.9
1714935736645 97.9
1714935737146 101.9
1714935737647 93.9
1714935738148 0.0
1714935738649 0.0
1714935739150 0.0
1714935739650 14.0
1714935740151 97.9
1714935740652 101.9
1714935741153 97.9
1714935741654 101.9
1714935742155 97.9
1714935742656 99.9
1714935743157 99.9
1714935743657 99.9
1714935744158 101.9
1714935744659 83.9
1714935745160 2.0
1714935745661 0.0
1714935746161 0.0
1714935746662 40.0
1714935747163 99.9
1714935747664 99.9
1714935748165 99.9
1714935748666 99.9
1714935749167 101.9
1714935749668 99.9
1714935750169 99.9
1714935750669 97.9
1714935751170 99.9
1714935751671 59.9
1714935752172 0.0
1714935752673 0.0
1714935753173 0.0
1714935753674 69.9
1714935754175 101.9
1714935754676 97.9
1714935755177 101.9
1714935755677 97.9
1714935756178 101.9
1714935756679 99.9
1714935757180 99.9
1714935757681 97.9
1714935758182 101.9
1714935758683 30.0
1714935759184 0.0
1714935759685 0.0
1714935760185 0.0
1714935760686 91.9
1714935761187 99.9
1714935761688 99.9
1714935762189 100.0
1714935762689 99.9
1714935763190 99.9
1714935763691 99.9
1714935764192 99.9
1714935764693 99.9
1714935765194 99.9
1714935765695 8.0
1714935766196 0.0
1714935766696 0.0
1714935767197 32.0
1714935767697 99.9
1714935768198 99.9
1714935768699 99.9
1714935769200 101.9
1714935769701 100.0
1714935770201 99.9
1714935770702 99.9
1714935771203 97.9
1714935771704 101.9
1714935772205 65.9
1714935772706 0.0
1714935773206 0.0
1714935773707 0.0
1714935774208 0.0
1714935774709 0.0
1714935775210 0.0
1714935775710 0.0
1714935776211 0.0
1714935776712 0.0
1714935777213 0.0
1714935777713 0.0
1714935778214 0.0
