1714935803390 0.0
1714935803891 0.0
1714935804392 0.0
1714935804892 0.0
1714935805393 0.0
1714935805894 0.0
1714935806395 0.0
1714935806895 0.0
1714935807396 0.0
1714935807897 0.0
1714935808398 0.0
1714935808898 0.0
1714935809399 0.0
1714935809900 0.0
1714935810401 0.0
1714935810901 2.0
1714935811402 0.0
1714935811903 0.0
1714935812404 0.0
1714935812904 2.0
1714935813405 8.0
1714935813906 8.0
1714935814407 6.0
1714935814908 6.0
1714935815408 8.0
1714935815909 6.0
1714935816410 8.0
1714935816911 6.0
1714935817411 6.0
1714935817912 6.0
1714935818413 0.0
1714935818913 0.0
1714935819414 0.0
1714935819915 10.0
1714935820416 12.0
1714935820916 12.0
1714935821417 12.0
1714935821918 14.0
1714935822419 12.0
1714935822919 12.0
1714935823420 14.0
1714935823921 12.0
1714935824422 14.0
1714935824923 2.0
1714935825423 0.0
1714935825924 0.0
1714935826425 2.0
1714935826926 18.0
1714935827427 22.0
1714935827927 18.0
1714935828428 20.0
1714935828929 18.0
1714935829430 18.0
1714935829930 20.0
1714935830431 16.0
1714935830932 20.0
1714935831433 16.0
1714935831933 2.0
1714935832434 0.0
1714935832935 0.0
1714935833435 10.0
1714935833936 24.0
1714935834437 24.0
1714935834938 26.0
1714935835439 24.0
1714935835940 24.0
1714935836440 26.0
1714935836941 24.0
1714935837442 24.0
1714935837943 24.0
1714935838444 16.0
1714935838944 0.0
1714935839445 0.0
1714935839946 0.0
1714935840447 22.0
1714935840947 30.0
1714935841448 30.0
1714935841949 32.0
1714935842449 30.0
1714935842950 30.0
1714935843451 32.0
1714935843952 32.0
1714935844452 30.0
1714935844953 30.0
1714935845454 12.0
1714935845955 0.0
1714935846456 0.0
1714935846956 0.0
1714935847457 36.0
1714935847958 36.0
1714935848459 38.0
1714935848960 36.0
1714935849460 38.0
1714935849961 35.9
1714935850462 36.0
1714935850963 36.0
1714935851464 36.0
1714935851964 36.0
1714935852465 0.0
1714935852966 0.0
1714935853467 0.0
1714935853967 18.0
1714935854468 42.0
1714935854969 40.0
1714935855469 41.9
1714935855970 39.9
1714935856471 42.0
1714935856972 42.0
1714935857473 42.0
1714935857973 41.9
1714935858474 42.0
1714935858975 26.0
1714935859476 0.0
1714935859977 0.0
1714935860477 0.0
1714935860978 39.9
1714935861479 47.9
1714935861980 47.9
1714935862481 50.0
1714935862981 49.9
1714935863482 47.9
1714935863983 47.9
1714935864484 47.9
1714935864985 50.0
1714935865485 47.9
1714935865986 8.0
1714935866487 0.0
1714935866988 0.0
1714935867489 12.0
1714935867989 55.9
1714935868490 55.9
1714935868991 55.9
1714935869492 55.9
1714935869993 55.9
1714935870493 53.9
1714935870994 55.9
1714935871495 54.0
1714935871996 55.9
1714935872496 43.9
1714935872997 0.0
1714935873498 0.0
1714935873999 0.0
1714935874499 40.0
1714935875000 61.9
1714935875501 61.9
1714935876002 63.9
1714935876503 59.9
1714935877004 59.9
1714935877505 63.9
1714935878005 61.9
1714935878506 61.9
1714935879007 61.9
1714935879508 24.0
1714935880009 0.0
1714935880510 0.0
1714935881010 0.0
1714935881511 69.9
1714935882012 67.9
1714935882513 68.0
1714935883013 69.9
1714935883514 67.9
1714935884015 67.9
1714935884516 69.9
1714935885017 68.0
1714935885517 67.9
1714935886018 67.9
1714935886519 0.0
1714935887020 0.0
1714935887520 0.0
1714935888021 28.0
1714935888522 73.9
1714935889023 79.9
1714935889524 79.9
1714935890025 77.9
1714935890525 77.9
1714935891026 75.9
1714935891527 75.9
1714935892028 79.9
1714935892529 73.9
1714935893030 47.9
1714935893531 0.0
1714935894032 0.0
1714935894532 0.0
1714935895033 65.9
1714935895534 81.9
1714935896035 81.9
1714935896536 83.9
1714935897037 83.9
1714935897537 83.9
1714935898038 81.9
1714935898539 83.9
1714935899040 83.9
1714935899541 86.0
1714935900041 16.0
1714935900542 0.0
1714935901043 0.0
1714935901544 18.0
1714935902044 87.9
1714935902545 89.9
1714935903046 87.9
1714935903547 89.9
1714935904048 91.9
1714935904549 92.0
1714935905049 87.9
1714935905550 89.9
1714935906051 89.9
1714935906552 71.9
1714935907053 0.0
1714935907554 0.0
1714935908054 0.0
1714935908555 61.9
1714935909056 97.9
1714935909557 101.9
1714935910057 95.9
1714935910558 97.9
1714935911059 99.9
1714935911560 95.9
1714935912061 95.9
1714935912562 95.9
1714935913063 95.9
1714935913564 38.0
1714935914065 0.0
1714935914566 0.0
1714935915066 0.0
1714935915567 97.9
1714935916068 101.9
1714935916569 103.9
1714935917070 101.9
1714935917571 101.9
1714935918072 103.9
1714935918573 101.9
1714935919073 101.9
1714935919574 101.9
1714935920075 101.9
1714935920576 4.0
1714935921077 0.0
1714935921578 0.0
1714935922078 36.0
1714935922579 99.9
1714935923080 101.9
1714935923581 101.9
1714935924082 101.9
1714935924583 101.9
1714935925084 103.9
1714935925585 101.9
1714935926086 101.9
1714935926587 101.9
1714935927088 61.9
1714935927589 0.0
1714935928090 0.0
1714935928590 2.0
1714935929091 73.9
1714935929592 101.9
1714935930093 103.9
1714935930593 101.9
1714935931094 101.9
1714935931595 101.9
1714935932096 103.9
1714935932597 104.0
1714935933097 99.9
1714935933598 103.9
1714935934099 28.0
1714935934600 0.0
1714935935101 0.0
1714935935602 14.0
1714935936102 101.9
1714935936603 99.9
1714935937104 103.9
1714935937605 99.9
1714935938106 101.9
1714935938607 103.9
1714935939108 101.9
1714935939609 103.9
1714935940109 103.9
1714935940610 85.9
1714935941111 0.0
1714935941612 0.0
1714935942113 0.0
1714935942614 49.9
1714935943114 99.9
1714935943615 101.9
1714935944116 103.9
1714935944617 101.9
1714935945118 101.9
1714935945619 102.0
1714935946120 104.0
1714935946620 101.9
1714935947121 101.9
1714935947622 51.9
1714935948123 0.0
1714935948624 0.0
1714935949124 2.0
1714935949625 88.0
1714935950125 99.9
1714935950626 103.9
1714935951127 101.9
1714935951628 103.9
1714935952129 101.9
1714935952630 101.9
1714935953131 101.9
1714935953632 103.9
1714935954133 101.9
1714935954634 12.0
1714935955135 0.0
1714935955636 0.0
1714935956137 28.0
1714935956637 103.9
1714935957138 101.9
1714935957639 101.9
1714935958140 101.9
1714935958641 103.9
1714935959142 101.9
1714935959643 101.9
1714935960144 101.9
1714935960645 103.9
1714935961145 75.9
1714935961646 0.0
1714935962147 0.0
1714935962648 0.0
1714935963149 69.9
1714935963649 99.9
1714935964150 101.9
1714935964651 103.9
1714935965152 101.9
1714935965653 103.9
1714935966154 101.9
1714935966655 101.9
1714935967156 101.9
1714935967657 103.9
1714935968157 34.0
1714935968658 0.0
1714935969159 0.0
1714935969660 8.0
1714935970160 101.9
1714935970661 101.9
1714935971162 99.9
1714935971663 105.9
1714935972164 99.9
1714935972665 103.9
1714935973166 101.9
1714935973667 103.9
1714935974168 101.9
1714935974669 91.9
1714935975170 2.0
1714935975671 0.0
1714935976171 0.0
1714935976672 47.9
1714935977173 104.0
1714935977673 103.9
1714935978174 99.9
1714935978675 103.9
1714935979176 101.9
1714935979677 101.9
1714935980178 103.9
1714935980679 101.9
1714935981180 103.9
1714935981681 49.9
1714935982181 0.0
1714935982682 0.0
1714935983183 0.0
1714935983684 0.0
1714935984184 0.0
1714935984685 0.0
1714935985186 0.0
1714935985686 0.0
1714935986187 2.0
