1714935217337 0.0
1714935217838 0.0
1714935218339 0.0
1714935218839 0.0
1714935219340 0.0
1714935219841 4.0
1714935220342 0.0
1714935220842 0.0
1714935221343 0.0
1714935221844 0.0
1714935222345 0.0
1714935222845 0.0
1714935223346 0.0
1714935223847 0.0
1714935224347 0.0
1714935224848 0.0
1714935225349 0.0
1714935225849 0.0
1714935226350 0.0
1714935226851 0.0
1714935227351 6.0
1714935227852 8.0
1714935228353 6.0
1714935228853 6.0
1714935229354 6.0
1714935229855 6.0
1714935230356 6.0
1714935230856 6.0
1714935231357 6.0
1714935231858 8.0
1714935232358 0.0
1714935232859 0.0
1714935233360 0.0
1714935233860 4.0
1714935234361 14.0
1714935234861 10.0
1714935235362 12.0
1714935235863 12.0
1714935236364 12.0
1714935236864 12.0
1714935237365 12.0
1714935237865 12.0
1714935238366 12.0
1714935238867 10.0
1714935239368 0.0
1714935239868 0.0
1714935240369 0.0
1714935240870 14.0
1714935241371 18.0
1714935241871 18.0
1714935242372 20.0
1714935242873 18.0
1714935243374 16.0
1714935243874 20.0
1714935244375 18.0
1714935244876 18.0
1714935245377 20.0
1714935245877 6.0
1714935246378 0.0
1714935246879 0.0
1714935247380 0.0
1714935247880 26.0
1714935248381 24.0
1714935248882 24.0
1714935249383 26.0
1714935249884 24.0
1714935250385 26.0
1714935250885 26.0
1714935251386 26.0
1714935251887 24.0
1714935252388 26.0
1714935252889 0.0
1714935253389 0.0
1714935253890 0.0
1714935254391 12.0
1714935254892 32.0
1714935255392 34.0
1714935255893 32.0
1714935256394 34.0
1714935256895 32.0
1714935257396 30.0
1714935257896 34.0
1714935258397 32.0
1714935258898 32.0
1714935259399 18.0
1714935259900 0.0
1714935260401 0.0
1714935260901 2.0
1714935261402 30.0
1714935261903 38.0
1714935262404 40.0
1714935262904 38.0
1714935263405 38.0
1714935263906 40.0
1714935264407 36.0
1714935264908 38.0
1714935265408 38.0
1714935265909 38.0
1714935266410 8.0
1714935266911 0.0
1714935267412 0.0
1714935267912 8.0
1714935268413 45.9
1714935268914 41.9
1714935269415 42.0
1714935269916 42.0
1714935270416 43.9
1714935270917 41.9
1714935271418 41.9
1714935271919 42.0
1714935272420 43.9
1714935272920 36.0
1714935273421 0.0
1714935273922 0.0
1714935274423 0.0
1714935274924 30.0
1714935275424 53.9
1714935275925 52.0
1714935276426 51.9
1714935276927 53.9
1714935277427 51.9
1714935277928 53.9
1714935278429 51.9
1714935278930 49.9
1714935279431 53.9
1714935279932 22.0
1714935280432 0.0
1714935280933 0.0
1714935281434 0.0
1714935281935 55.9
1714935282436 57.9
1714935282936 55.9
1714935283437 57.9
1714935283938 55.9
1714935284439 57.9
1714935284940 57.9
1714935285441 55.9
1714935285941 57.9
1714935286442 57.9
1714935286943 2.0
1714935287444 0.0
1714935287945 0.0
1714935288445 22.0
1714935288946 62.0
1714935289446 61.9
1714935289947 59.9
1714935290448 61.9
1714935290949 59.9
1714935291449 59.9
1714935291950 61.9
1714935292451 61.9
1714935292952 63.9
1714935293453 38.0
1714935293953 0.0
1714935294454 0.0
1714935294955 0.0
1714935295456 55.9
1714935295956 71.9
1714935296457 67.9
1714935296958 69.9
1714935297459 73.9
1714935297960 69.9
1714935298461 69.9
1714935298961 69.9
1714935299462 69.9
1714935299963 71.9
1714935300464 14.0
1714935300965 0.0
1714935301465 0.0
1714935301966 16.0
1714935302467 79.9
1714935302968 75.9
1714935303469 79.9
1714935303969 79.9
1714935304470 79.9
1714935304971 77.9
1714935305472 79.9
1714935305973 77.9
1714935306473 79.9
1714935306974 59.9
1714935307475 0.0
1714935307976 0.0
1714935308477 0.0
1714935308977 51.9
1714935309478 85.9
1714935309979 83.9
1714935310480 85.9
1714935310981 86.0
1714935311481 85.9
1714935311982 83.9
1714935312483 85.9
1714935312984 81.9
1714935313485 83.9
1714935313985 30.0
1714935314486 2.0
1714935314987 0.0
1714935315488 2.0
1714935315989 91.9
1714935316490 99.9
1714935316990 93.9
1714935317491 97.9
1714935317992 91.9
1714935318493 95.9
1714935318994 91.9
1714935319495 93.9
1714935319996 97.9
1714935320497 90.0
1714935320997 0.0
1714935321498 0.0
1714935321999 0.0
1714935322500 42.0
1714935323000 95.9
1714935323501 95.9
1714935324002 97.9
1714935324503 97.9
1714935325004 99.9
1714935325505 99.9
1714935326006 95.9
1714935326507 99.9
1714935327008 101.9
1714935327509 54.0
1714935328010 0.0
1714935328510 0.0
1714935329011 0.0
1714935329512 85.9
1714935330013 100.0
1714935330513 99.9
1714935331014 99.9
1714935331515 97.9
1714935332016 99.9
1714935332517 101.9
1714935333018 97.9
1714935333519 101.9
1714935334020 99.9
1714935334521 14.0
1714935335021 0.0
1714935335522 0.0
1714935336023 24.0
1714935336524 101.9
1714935337025 99.9
1714935337526 99.9
1714935338027 99.9
1714935338528 99.9
1714935339029 99.9
1714935339530 99.9
1714935340031 99.9
1714935340532 99.9
1714935341032 71.9
1714935341533 2.0
1714935342034 0.0
1714935342535 0.0
1714935343036 65.9
1714935343536 99.9
1714935344037 99.9
1714935344538 99.9
1714935345039 97.9
1714935345540 101.9
1714935346041 99.9
1714935346541 100.0
1714935347042 97.9
1714935347543 101.9
1714935348044 32.0
1714935348545 0.0
1714935349045 0.0
1714935349546 8.0
1714935350047 99.9
1714935350548 97.9
1714935351048 101.9
1714935351549 97.9
1714935352050 99.9
1714935352551 100.0
1714935353052 101.9
1714935353552 99.9
1714935354053 97.9
1714935354554 93.9
1714935355055 0.0
1714935355556 0.0
1714935356056 0.0
1714935356557 47.9
1714935357058 99.9
1714935357559 101.9
1714935358060 97.9
1714935358561 99.9
1714935359061 101.9
1714935359562 100.0
1714935360063 99.9
1714935360564 97.9
1714935361065 101.9
1714935361565 51.9
1714935362066 0.0
1714935362567 0.0
1714935363068 0.0
1714935363569 85.9
1714935364069 99.9
1714935364570 99.9
1714935365071 99.9
1714935365572 99.9
1714935366073 99.9
1714935366574 99.9
1714935367075 101.9
1714935367576 97.9
1714935368077 99.9
1714935368577 12.0
1714935369078 0.0
1714935369579 0.0
1714935370080 28.0
1714935370581 99.9
1714935371081 99.9
1714935371582 99.9
1714935372083 99.9
1714935372584 99.9
1714935373085 99.9
1714935373586 101.9
1714935374087 97.9
1714935374588 101.9
1714935375089 71.9
1714935375590 0.0
1714935376091 0.0
1714935376592 0.0
1714935377092 67.9
1714935377593 99.9
1714935378094 101.9
1714935378595 97.9
1714935379096 99.9
1714935379597 99.9
1714935380098 99.9
1714935380599 99.9
1714935381100 99.9
1714935381601 101.9
1714935382101 30.0
1714935382602 0.0
1714935383103 0.0
1714935383604 8.0
1714935384105 101.9
1714935384605 99.9
1714935385106 99.9
1714935385607 97.9
1714935386108 101.9
1714935386609 99.9
1714935387110 99.9
1714935387611 99.9
1714935388112 99.9
1714935388613 89.9
1714935389114 0.0
1714935389615 0.0
1714935390115 0.0
1714935390616 49.9
1714935391117 97.9
1714935391618 99.9
1714935392119 101.9
1714935392620 99.9
1714935393121 97.9
1714935393622 101.9
1714935394123 99.9
1714935394624 99.9
1714935395124 99.9
1714935395625 47.9
1714935396126 0.0
1714935396627 0.0
1714935397128 0.0
1714935397628 0.0
1714935398129 0.0
1714935398630 0.0
1714935399131 0.0
1714935399631 0.0
1714935400132 2.0
1714935400633 0.0
