1714936178830 0.0
1714936179331 0.0
1714936179832 0.0
1714936180333 0.0
1714936180833 0.0
1714936181334 0.0
1714936181835 0.0
1714936182336 2.0
1714936182836 0.0
1714936183337 0.0
1714936183838 0.0
1714936184339 0.0
1714936184839 0.0
1714936185340 0.0
1714936185841 0.0
1714936186342 0.0
1714936186842 0.0
1714936187343 0.0
1714936187844 0.0
1714936188345 6.0
1714936188845 6.0
1714936189346 8.0
1714936189847 6.0
1714936190348 6.0
1714936190848 6.0
1714936191349 6.0
1714936191850 6.0
1714936192351 6.0
1714936192851 8.0
1714936193352 2.0
1714936193853 0.0
1714936194353 0.0
1714936194854 2.0
1714936195355 14.0
1714936195855 10.0
1714936196356 14.0
1714936196857 10.0
1714936197357 14.0
1714936197858 10.0
1714936198359 14.0
1714936198860 10.0
1714936199360 14.0
1714936199861 10.0
1714936200362 0.0
1714936200863 0.0
1714936201363 0.0
1714936201864 12.0
1714936202365 16.0
1714936202865 20.0
1714936203366 18.0
1714936203867 18.0
1714936204368 18.0
1714936204868 18.0
1714936205369 18.0
1714936205870 18.0
1714936206371 18.0
1714936206872 8.0
1714936207372 0.0
1714936207873 0.0
1714936208374 0.0
1714936208875 24.0
1714936209375 26.0
1714936209876 24.0
1714936210377 26.0
1714936210877 26.0
1714936211378 24.0
1714936211879 22.0
1714936212380 26.0
1714936212880 24.0
1714936213381 26.0
1714936213882 0.0
1714936214383 0.0
1714936214884 0.0
1714936215384 10.0
1714936215885 32.0
1714936216386 32.0
1714936216887 32.0
1714936217388 32.0
1714936217889 30.0
1714936218389 32.0
1714936218890 30.0
1714936219391 30.0
1714936219892 32.0
1714936220392 22.0
1714936220893 0.0
1714936221394 0.0
1714936221895 0.0
1714936222395 26.0
1714936222896 36.0
1714936223397 40.0
1714936223897 36.0
1714936224398 34.0
1714936224899 38.0
1714936225400 36.0
1714936225900 36.0
1714936226401 38.0
1714936226902 36.0
1714936227403 12.0
1714936227904 0.0
1714936228404 0.0
1714936228905 6.0
1714936229406 45.9
1714936229907 43.9
1714936230408 43.9
1714936230908 40.0
1714936231409 43.9
1714936231910 43.9
1714936232411 41.9
1714936232912 42.0
1714936233412 43.9
1714936233913 40.0
1714936234414 0.0
1714936234915 0.0
1714936235416 0.0
1714936235916 28.0
1714936236417 49.9
1714936236918 47.9
1714936237419 47.9
1714936237920 49.9
1714936238421 48.0
1714936238921 47.9
1714936239422 47.9
1714936239923 51.9
1714936240424 49.9
1714936240925 24.0
1714936241425 0.0
1714936241926 0.0
1714936242427 0.0
1714936242928 51.9
1714936243428 55.9
1714936243929 53.9
1714936244430 55.9
1714936244931 57.9
1714936245433 54.0
1714936245933 55.9
1714936246434 57.9
1714936246935 55.9
1714936247436 55.9
1714936247937 2.0
1714936248437 0.0
1714936248938 0.0
1714936249439 20.0
1714936249940 61.9
1714936250440 63.9
1714936250941 63.9
1714936251442 61.9
1714936251943 61.9
1714936252444 63.9
1714936252945 61.9
1714936253445 59.9
1714936253946 62.0
1714936254447 38.0
1714936254947 0.0
1714936255448 0.0
1714936255949 0.0
1714936256449 51.9
1714936256950 71.9
1714936257451 65.9
1714936257952 69.9
1714936258453 65.9
1714936258953 65.9
1714936259454 69.9
1714936259955 69.9
1714936260456 67.9
1714936260957 68.0
1714936261457 16.0
1714936261958 0.0
1714936262459 0.0
1714936262960 10.0
1714936263460 73.9
1714936263961 77.9
1714936264462 75.9
1714936264963 77.9
1714936265464 75.9
1714936265965 77.9
1714936266465 75.9
1714936266966 77.9
1714936267467 75.9
1714936267968 67.9
1714936268469 2.0
1714936268969 0.0
1714936269470 0.0
1714936269971 41.9
1714936270472 89.9
1714936270972 85.9
1714936271473 85.9
1714936271974 87.9
1714936272475 85.9
1714936272976 87.9
1714936273477 87.9
1714936273978 85.9
1714936274479 85.9
1714936274980 40.0
1714936275481 0.0
1714936275982 0.0
1714936276482 2.0
1714936276983 79.9
1714936277484 89.9
1714936277985 89.9
1714936278486 89.9
1714936278986 89.9
1714936279487 87.9
1714936279988 87.9
1714936280489 87.9
1714936280990 89.9
1714936281491 87.9
1714936281992 4.0
1714936282493 0.0
1714936282993 0.0
1714936283494 36.0
1714936283995 95.9
1714936284496 101.9
1714936284997 103.9
1714936285497 101.9
1714936285998 101.9
1714936286499 103.9
1714936287000 101.9
1714936287501 101.9
1714936288002 101.9
1714936288503 65.9
1714936289004 0.0
1714936289504 0.0
1714936290005 2.0
1714936290506 75.9
1714936291007 99.9
1714936291508 103.9
1714936292009 103.9
1714936292509 101.9
1714936293010 101.9
1714936293511 103.9
1714936294012 99.9
1714936294513 101.9
1714936295014 101.9
1714936295515 24.0
1714936296016 0.0
1714936296516 0.0
1714936297017 18.0
1714936297518 101.9
1714936298019 99.9
1714936298520 103.9
1714936299021 103.9
1714936299522 101.9
1714936300023 101.9
1714936300524 103.9
1714936301025 101.9
1714936301525 103.9
1714936302026 81.9
1714936302527 0.0
1714936303028 0.0
1714936303529 0.0
1714936304029 61.9
1714936304530 101.9
1714936305031 101.9
1714936305532 103.9
1714936306033 101.9
1714936306534 101.9
1714936307035 101.9
1714936307536 101.9
1714936308037 104.0
1714936308537 101.9
1714936309038 40.0
1714936309539 0.0
1714936310040 0.0
1714936310541 4.0
1714936311041 99.9
1714936311542 101.9
1714936312043 101.9
1714936312544 103.9
1714936313045 103.9
1714936313546 99.9
1714936314047 101.9
1714936314548 103.9
1714936315049 101.9
1714936315549 99.9
1714936316050 0.0
1714936316551 0.0
1714936317052 0.0
1714936317553 45.9
1714936318053 99.9
1714936318554 103.9
1714936319055 101.9
1714936319556 99.9
1714936320057 101.9
1714936320558 102.0
1714936321059 103.9
1714936321559 101.9
1714936322060 103.9
1714936322561 57.9
1714936323062 0.0
1714936323563 0.0
1714936324064 0.0
1714936324564 83.9
1714936325065 101.9
1714936325566 101.9
1714936326067 101.9
1714936326568 101.9
1714936327069 101.9
1714936327570 101.9
1714936328071 101.9
1714936328572 101.9
1714936329073 103.9
1714936329573 18.0
1714936330074 0.0
1714936330575 0.0
1714936331076 20.0
1714936331576 101.9
1714936332077 101.9
1714936332578 101.9
1714936333079 103.9
1714936333580 99.9
1714936334081 103.9
1714936334582 101.9
1714936335083 101.9
1714936335584 103.9
1714936336085 77.9
1714936336585 0.0
1714936337086 0.0
1714936337587 0.0
1714936338087 65.9
1714936338588 101.9
1714936339089 101.9
1714936339590 103.9
1714936340091 101.9
1714936340593 103.9
1714936341093 101.9
1714936341594 101.9
1714936342095 101.9
1714936342596 101.9
1714936343097 38.0
1714936343598 0.0
1714936344099 0.0
1714936344599 6.0
1714936345100 101.9
1714936345601 101.9
1714936346102 101.9
1714936346603 103.9
1714936347104 101.9
1714936347605 103.9
1714936348106 99.9
1714936348607 103.9
1714936349108 101.9
1714936349609 93.9
1714936350110 0.0
1714936350611 0.0
1714936351111 0.0
1714936351612 45.9
1714936352113 101.9
1714936352614 101.9
1714936353115 103.9
1714936353616 101.9
1714936354117 103.9
1714936354617 101.9
1714936355118 101.9
1714936355619 101.9
1714936356120 103.9
1714936356621 53.9
1714936357121 0.0
1714936357622 0.0
1714936358123 0.0
1714936358623 0.0
1714936359124 0.0
1714936359625 0.0
1714936360125 0.0
1714936360626 0.0
1714936361127 0.0
1714936361627 0.0
