1714935405632 0.0
1714935406133 0.0
1714935406633 0.0
1714935407134 0.0
1714935407635 4.0
1714935408136 0.0
1714935408636 0.0
1714935409137 0.0
1714935409638 0.0
1714935410139 0.0
1714935410639 0.0
1714935411140 0.0
1714935411641 0.0
1714935412142 0.0
1714935412643 0.0
1714935413143 0.0
1714935413644 0.0
1714935414145 0.0
1714935414646 0.0
1714935415147 4.0
1714935415647 8.0
1714935416148 6.0
1714935416649 8.0
1714935417150 8.0
1714935417651 6.0
1714935418151 8.0
1714935418652 6.0
1714935419153 8.0
1714935419653 8.0
1714935420154 2.0
1714935420655 0.0
1714935421156 0.0
1714935421656 0.0
1714935422157 14.0
1714935422658 14.0
1714935423159 14.0
1714935423660 14.0
1714935424160 14.0
1714935424661 14.0
1714935425162 14.0
1714935425663 14.0
1714935426164 12.0
1714935426664 14.0
1714935427165 2.0
1714935427666 0.0
1714935428167 0.0
1714935428668 4.0
1714935429169 20.0
1714935429669 22.0
1714935430170 20.0
1714935430671 18.0
1714935431171 20.0
1714935431672 20.0
1714935432173 18.0
1714935432674 22.0
1714935433175 18.0
1714935433676 16.0
1714935434176 0.0
1714935434677 0.0
1714935435178 0.0
1714935435679 14.0
1714935436179 26.0
1714935436680 26.0
1714935437181 26.0
1714935437682 26.0
1714935438183 26.0
1714935438684 26.0
1714935439184 24.0
1714935439685 26.0
1714935440186 26.0
1714935440686 12.0
1714935441187 0.0
1714935441688 0.0
1714935442189 0.0
1714935442689 30.0
1714935443190 30.0
1714935443691 32.0
1714935444192 32.0
1714935444692 30.0
1714935445193 32.0
1714935445694 30.0
1714935446195 32.0
1714935446696 30.0
1714935447197 32.0
1714935447697 2.0
1714935448198 0.0
1714935448699 0.0
1714935449200 12.0
1714935449700 38.0
1714935450201 36.0
1714935450702 41.9
1714935451203 36.0
1714935451704 36.0
1714935452204 37.9
1714935452705 38.0
1714935453206 38.0
1714935453707 36.0
1714935454208 24.0
1714935454709 0.0
1714935455209 0.0
1714935455710 0.0
1714935456211 36.0
1714935456712 43.9
1714935457213 43.9
1714935457713 46.0
1714935458214 43.9
1714935458715 43.9
1714935459216 45.9
1714935459716 42.0
1714935460217 43.9
1714935460718 45.9
1714935461219 10.0
1714935461720 0.0
1714935462220 0.0
1714935462721 8.0
1714935463222 47.9
1714935463723 51.9
1714935464224 47.9
1714935464725 47.9
1714935465226 51.9
1714935465726 49.9
1714935466227 47.9
1714935466728 51.9
1714935467229 47.9
1714935467730 41.9
1714935468231 0.0
1714935468732 0.0
1714935469233 0.0
1714935469733 34.0
1714935470234 57.9
1714935470735 55.9
1714935471236 57.9
1714935471736 57.9
1714935472237 55.9
1714935472738 57.9
1714935473239 59.9
1714935473740 57.9
1714935474241 58.0
1714935474741 26.0
1714935475242 0.0
1714935475743 0.0
1714935476244 0.0
1714935476744 63.9
1714935477245 65.9
1714935477746 62.0
1714935478247 63.9
1714935478748 63.9
1714935479248 65.9
1714935479749 61.9
1714935480250 63.9
1714935480751 61.9
1714935481252 65.9
1714935481753 2.0
1714935482253 0.0
1714935482754 0.0
1714935483255 28.0
1714935483756 73.9
1714935484256 69.9
1714935484757 73.9
1714935485258 71.9
1714935485759 71.9
1714935486260 73.9
1714935486761 67.9
1714935487261 71.9
1714935487762 71.9
1714935488263 43.9
1714935488764 0.0
1714935489265 0.0
1714935489765 2.0
1714935490266 59.9
1714935490767 75.9
1714935491268 75.9
1714935491769 75.9
1714935492269 79.9
1714935492770 75.9
1714935493271 75.9
1714935493772 75.9
1714935494273 77.9
1714935494773 75.9
1714935495274 16.0
1714935495775 0.0
1714935496276 0.0
1714935496777 18.0
1714935497277 81.9
1714935497778 83.9
1714935498279 83.9
1714935498780 81.9
1714935499281 83.9
1714935499782 81.9
1714935500283 83.9
1714935500784 83.9
1714935501285 83.9
1714935501785 63.9
1714935502286 0.0
1714935502787 0.0
1714935503288 0.0
1714935503788 55.9
1714935504289 85.9
1714935504790 91.9
1714935505291 93.9
1714935505792 89.9
1714935506293 91.9
1714935506794 89.9
1714935507295 91.9
1714935507796 87.9
1714935508297 89.9
1714935508797 34.0
1714935509298 0.0
1714935509799 0.0
1714935510300 4.0
1714935510800 89.9
1714935511301 93.9
1714935511802 91.9
1714935512303 91.9
1714935512804 91.9
1714935513305 89.9
1714935513805 93.9
1714935514306 93.9
1714935514807 93.9
1714935515308 89.9
1714935515809 0.0
1714935516310 0.0
1714935516810 0.0
1714935517311 43.9
1714935517812 99.9
1714935518313 102.0
1714935518813 97.9
1714935519314 99.9
1714935519815 101.9
1714935520316 97.9
1714935520817 99.9
1714935521317 99.9
1714935521818 97.9
1714935522319 55.9
1714935522820 0.0
1714935523321 0.0
1714935523821 0.0
1714935524322 83.9
1714935524823 101.9
1714935525324 97.9
1714935525825 101.9
1714935526325 97.9
1714935526826 101.9
1714935527327 99.9
1714935527828 99.9
1714935528329 99.9
1714935528830 99.9
1714935529331 14.0
1714935529832 0.0
1714935530332 0.0
1714935530833 28.0
1714935531334 97.9
1714935531835 101.9
1714935532336 99.9
1714935532837 101.9
1714935533338 99.9
1714935533839 97.9
1714935534340 99.9
1714935534841 99.9
1714935535342 99.9
1714935535843 73.9
1714935536343 0.0
1714935536844 0.0
1714935537345 0.0
1714935537846 69.9
1714935538346 99.9
1714935538847 99.9
1714935539348 99.9
1714935539849 101.9
1714935540350 99.9
1714935540851 97.9
1714935541352 99.9
1714935541853 100.0
1714935542353 99.9
1714935542854 30.0
1714935543355 0.0
1714935543856 0.0
1714935544357 12.0
1714935544857 97.9
1714935545358 99.9
1714935545859 101.9
1714935546360 99.9
1714935546861 99.9
1714935547362 99.9
1714935547863 99.9
1714935548364 99.9
1714935548864 99.9
1714935549365 89.9
1714935549866 0.0
1714935550367 0.0
1714935550868 0.0
1714935551368 49.9
1714935551869 99.9
1714935552370 99.9
1714935552871 99.9
1714935553372 101.9
1714935553873 97.9
1714935554374 101.9
1714935554875 97.9
1714935555376 101.9
1714935555877 99.9
1714935556378 49.9
1714935556879 0.0
1714935557379 0.0
1714935557880 0.0
1714935558381 88.0
1714935558881 101.9
1714935559382 99.9
1714935559883 99.9
1714935560384 97.9
1714935560885 101.9
1714935561385 99.9
1714935561886 97.9
1714935562387 101.9
1714935562888 99.9
1714935563389 10.0
1714935563890 0.0
1714935564390 0.0
1714935564891 32.0
1714935565392 99.9
1714935565893 99.9
1714935566393 97.9
1714935566894 101.9
1714935567395 97.9
1714935567896 101.9
1714935568397 97.9
1714935568898 99.9
1714935569399 101.9
1714935569900 65.9
1714935570401 0.0
1714935570901 0.0
1714935571402 0.0
1714935571903 73.9
1714935572404 99.9
1714935572905 99.9
1714935573405 99.9
1714935573906 99.9
1714935574407 99.9
1714935574908 99.9
1714935575409 99.9
1714935575910 99.9
1714935576411 101.9
1714935576912 26.0
1714935577413 0.0
1714935577913 0.0
1714935578414 16.0
1714935578915 99.9
1714935579416 99.9
1714935579917 101.9
1714935580417 99.9
1714935580918 97.9
1714935581419 101.9
1714935581920 99.9
1714935582421 97.9
1714935582922 99.9
1714935583423 79.9
1714935583924 0.0
1714935584425 0.0
1714935584926 0.0
1714935585426 0.0
1714935585927 0.0
1714935586428 0.0
1714935586929 0.0
1714935587429 0.0
1714935587930 0.0
1714935588431 0.0
