1714937158885 0.0
1714937159386 0.0
1714937159886 0.0
1714937160387 0.0
1714937160888 2.0
1714937161389 0.0
1714937161889 0.0
1714937162390 0.0
1714937162891 0.0
1714937163392 0.0
1714937163892 0.0
1714937164393 0.0
1714937164894 0.0
1714937165395 0.0
1714937165895 2.0
1714937166396 0.0
1714937166897 0.0
1714937167397 0.0
1714937167898 2.0
1714937168399 8.0
1714937168899 10.0
1714937169400 8.0
1714937169901 10.0
1714937170402 8.0
1714937170902 8.0
1714937171403 10.0
1714937171904 8.0
1714937172405 8.0
1714937172905 8.0
1714937173406 0.0
1714937173907 0.0
1714937174408 0.0
1714937174909 10.0
1714937175409 18.0
1714937175910 16.0
1714937176411 14.0
1714937176912 16.0
1714937177412 18.0
1714937177913 14.0
1714937178414 18.0
1714937178915 16.0
1714937179415 16.0
1714937179916 6.0
1714937180417 0.0
1714937180918 0.0
1714937181418 0.0
1714937181919 26.0
1714937182420 24.0
1714937182921 24.0
1714937183421 24.0
1714937183922 22.0
1714937184423 24.0
1714937184924 24.0
1714937185425 22.0
1714937185925 22.0
1714937186426 24.0
1714937186927 0.0
1714937187428 0.0
1714937187929 0.0
1714937188429 12.0
1714937188930 32.0
1714937189431 32.0
1714937189932 32.0
1714937190432 30.0
1714937190933 32.0
1714937191434 32.0
1714937191935 32.0
1714937192436 32.0
1714937192936 32.0
1714937193437 20.0
1714937193938 0.0
1714937194439 0.0
1714937194940 2.0
1714937195440 26.0
1714937195941 40.0
1714937196441 41.9
1714937196942 40.0
1714937197443 38.0
1714937197944 38.0
1714937198445 37.9
1714937198945 40.0
1714937199446 38.0
1714937199947 38.0
1714937200447 12.0
1714937200948 0.0
1714937201449 0.0
1714937201949 2.0
1714937202450 49.9
1714937202951 47.9
1714937203452 47.9
1714937203952 47.9
1714937204453 53.9
1714937204954 45.9
1714937205455 47.9
1714937205956 47.9
1714937206457 47.9
1714937206957 43.9
1714937207458 0.0
1714937207959 0.0
1714937208460 0.0
1714937208960 28.0
1714937209461 55.9
1714937209962 57.9
1714937210463 51.9
1714937210964 57.9
1714937211465 54.0
1714937211965 57.9
1714937212466 53.9
1714937212967 57.9
1714937213468 53.9
1714937213969 30.0
1714937214469 0.0
1714937214970 0.0
1714937215471 0.0
1714937215972 57.9
1714937216472 67.9
1714937216973 61.9
1714937217474 63.9
1714937217975 58.0
1714937218475 63.9
1714937218976 61.9
1714937219477 61.9
1714937219978 61.9
1714937220479 63.9
1714937220980 8.0
1714937221481 0.0
1714937221981 0.0
1714937222482 20.0
1714937222983 67.9
1714937223484 69.9
1714937223984 67.9
1714937224485 67.9
1714937224986 71.9
1714937225487 69.9
1714937225988 67.9
1714937226489 69.9
1714937226989 71.9
1714937227490 49.9
1714937227991 0.0
1714937228492 0.0
1714937228993 0.0
1714937229494 49.9
1714937229994 81.9
1714937230495 77.9
1714937230996 81.9
1714937231497 79.9
1714937231998 77.9
1714937232499 77.9
1714937233000 79.9
1714937233500 83.9
1714937234001 79.9
1714937234502 30.0
1714937235003 0.0
1714937235504 0.0
1714937236004 4.0
1714937236505 87.9
1714937237006 87.9
1714937237507 85.9
1714937238008 85.9
1714937238509 85.9
1714937239009 83.9
1714937239510 87.9
1714937240011 87.9
1714937240512 85.9
1714937241013 81.9
1714937241513 0.0
1714937242014 0.0
1714937242515 0.0
1714937243016 42.0
1714937243516 99.9
1714937244017 93.9
1714937244518 93.9
1714937245019 93.9
1714937245520 95.9
1714937246021 93.9
1714937246521 93.9
1714937247023 91.9
1714937247523 93.9
1714937248024 49.9
1714937248525 0.0
1714937249026 0.0
1714937249527 0.0
1714937250027 91.9
1714937250528 105.9
1714937251029 103.9
1714937251529 103.9
1714937252030 105.9
1714937252531 105.9
1714937253032 105.9
1714937253533 101.9
1714937254034 103.9
1714937254535 105.9
1714937255035 12.0
1714937255536 0.0
1714937256037 0.0
1714937256538 32.0
1714937257038 111.9
1714937257539 115.9
1714937258040 113.9
1714937258541 113.9
1714937259042 113.9
1714937259543 111.9
1714937260044 113.9
1714937260545 113.9
1714937261045 113.8
1714937261547 82.0
1714937262047 0.0
1714937262548 0.0
1714937263048 0.0
1714937263549 75.9
1714937264050 115.8
1714937264551 113.9
1714937265052 115.9
1714937265553 116.0
1714937266053 115.9
1714937266555 117.9
1714937267055 115.9
1714937267556 115.9
1714937268057 113.9
1714937268558 38.0
1714937269059 0.0
1714937269560 0.0
1714937270060 12.0
1714937270561 133.8
1714937271062 129.8
1714937271563 131.8
1714937272064 131.8
1714937272565 132.0
1714937273065 129.8
1714937273566 129.8
1714937274067 131.8
1714937274568 131.8
1714937275069 118.0
1714937275569 0.0
1714937276070 0.0
1714937276571 0.0
1714937277071 67.9
1714937277572 137.8
1714937278073 135.8
1714937278574 135.8
1714937279075 133.8
1714937279576 135.8
1714937280077 131.8
1714937280578 137.8
1714937281079 135.8
1714937281580 131.8
1714937282081 65.9
1714937282582 0.0
1714937283083 0.0
1714937283584 0.0
1714937284084 141.8
1714937284585 145.8
1714937285087 143.8
1714937285588 145.8
1714937286089 143.9
1714937286589 145.8
1714937287090 143.8
1714937287591 149.8
1714937288093 143.9
1714937288593 145.8
1714937289094 10.0
1714937289595 0.0
1714937290096 0.0
1714937290597 52.0
1714937291097 151.8
1714937291598 155.8
1714937292099 155.8
1714937292600 153.8
1714937293101 153.8
1714937293602 153.8
1714937294103 159.8
1714937294604 155.8
1714937295105 153.9
1714937295605 101.9
1714937296106 0.0
1714937296607 0.0
1714937297107 2.0
1714937297608 127.9
1714937298109 167.9
1714937298609 167.8
1714937299110 171.8
1714937299611 171.8
1714937300112 169.8
1714937300613 171.8
1714937301114 171.8
1714937301615 169.8
1714937302116 169.9
1714937302616 40.0
1714937303117 0.0
1714937303618 0.0
1714937304119 30.0
1714937304619 173.8
1714937305120 175.8
1714937305621 175.9
1714937306122 177.8
1714937306623 177.8
1714937307124 179.8
1714937307625 181.8
1714937308126 183.8
1714937308627 177.8
1714937309128 147.8
1714937309629 0.0
1714937310130 0.0
1714937310631 0.0
1714937311131 107.9
1714937311632 181.8
1714937312133 185.8
1714937312634 185.7
1714937313135 183.7
1714937313636 187.8
1714937314137 183.8
1714937314638 181.8
1714937315139 181.8
1714937315640 185.8
1714937316141 73.9
1714937316642 0.0
1714937317143 0.0
1714937317644 0.0
1714937318144 193.8
1714937318645 199.8
1714937319146 197.8
1714937319647 199.8
1714937320148 197.8
1714937320649 197.8
1714937321150 199.7
1714937321651 199.7
1714937322152 199.8
1714937322653 197.8
1714937323154 0.0
1714937323655 0.0
1714937324156 0.0
1714937324656 78.0
1714937325157 201.9
1714937325657 199.8
1714937326158 199.7
1714937326659 199.7
1714937327161 199.8
1714937327661 199.7
1714937328162 199.8
1714937328663 199.7
1714937329164 199.7
1714937329665 115.8
1714937330166 0.0
1714937330667 0.0
1714937331168 2.0
1714937331668 159.8
1714937332169 199.7
1714937332670 201.7
1714937333171 199.7
1714937333672 199.8
1714937334173 199.8
1714937334674 199.8
1714937335175 199.7
1714937335676 199.7
1714937336177 199.9
1714937336678 36.0
1714937337179 0.0
1714937337680 0.0
1714937338181 0.0
1714937338681 0.0
1714937339182 0.0
1714937339683 0.0
1714937340184 0.0
1714937340684 0.0
1714937341185 0.0
1714937341686 0.0
