#type       avg     std     min      p5     p10     p50     p67     p75     p80     p85     p90     p95     p99    p999   p9999     QPS   target
read     3023.8  2755.5   187.4  2072.0  2189.3  2338.9  2617.0  2753.0  3804.8  3887.0  3969.2  4051.4 17657.9 33004.9 43470.2   4950.2     5000
read     2298.5  1831.9   160.7   281.5   327.6  2344.4  2506.7  2637.7  2767.2  3578.7  3819.8  3964.8  6092.9 28020.7 33854.2   9910.8    10000
read     1834.0  1702.2   160.7   272.6   314.0  2270.4  2434.2  2531.7  2619.2  2740.4  3204.3  3691.3  4138.6 24126.8 35332.9  14969.8    15000
read     1532.4  1537.3   160.7   271.3   317.1   749.6  2349.2  2463.1  2537.8  2636.7  2750.0  3174.2  4968.6 19726.8 30851.0  20057.2    20000
read     1277.9  1344.7   160.7   297.9   351.1   735.9  1010.6  2290.2  2406.6  2542.4  2685.6  2917.3  5073.0 16416.8 27994.9  25107.2    25000
read     2698.6  3457.3   173.5   859.0   954.7  1193.3  2068.2  4761.7  4908.1  5054.5  5617.4  8526.2 13292.0 36322.5 46087.6  26883.4    30000
read     2694.5  3194.3   202.4   886.7   960.1  1187.1  2129.8  4819.7  4940.8  5061.9  5527.6  6277.6 10233.3 36070.2 43336.4  27011.0    35000
read     2817.6  3529.9   218.6   919.2   997.1  1248.1  2220.7  4843.7  4971.2  5098.6  5532.2  6360.4 15592.8 37020.5 49245.2  26380.8    40000
read     2716.9  3375.5   218.6   878.9   957.1  1204.2  2105.2  4811.3  4941.0  5070.8  5536.3  6329.6 10851.3 36643.6 48508.3  26988.6    45000
read     2604.3  3106.2   275.4   855.4   928.6  1159.7  2005.5  4789.2  4915.2  5041.1  5497.8  6265.4 10097.2 35512.8 42503.0  27718.4    50000
read     2649.3  3268.7   236.1   866.8   924.0  1157.8  1998.5  4794.3  4924.1  5053.9  5601.6  6339.2 10312.9 35783.0 43597.5  27577.2    55000
Warning! Detected max cpu usage > 95%
CPU Usage Stats (avg/min/max): 78.27%,3.52%,100.00%
