#type       avg     std     min      p5     p10     p50     p67     p75     p80     p85     p90     p95     p99    p999   p9999     QPS   target
read     3061.8  3006.8   187.4  2068.8  2176.9  2342.4  2632.7  2758.0  3807.7  3889.2  3970.8  4052.3 20079.4 34836.2 45053.8   5090.4     5000
read     2345.5  2081.3   160.7   280.8   327.4  2334.0  2499.6  2649.2  3012.1  3629.8  3846.3  3982.7  8215.9 29387.0 37971.2   9954.0    10000
read     1836.0  1695.5   160.7   274.9   320.6  2270.9  2432.1  2531.2  2619.1  2739.6  3210.0  3730.1  4061.7 24793.2 33512.1  14962.6    15000
read     1532.6  1592.3   160.7   276.7   322.7   767.9  2335.2  2449.5  2528.5  2628.3  2746.7  3229.4  5139.6 21954.6 34249.9  20020.5    20000
read     1288.8  1427.4   160.7   289.0   340.6   703.7  1053.3  2308.4  2416.1  2537.0  2678.7  2930.2  5140.7 19713.2 29742.8  25008.2    25000
read     2704.3  3363.0   173.5   844.0   939.7  1217.7  2117.0  4803.2  4936.9  5070.7  5524.0  6331.5 10894.1 36659.8 48019.7  26791.8    30000
read     2784.0  3339.2   236.1   888.2   968.9  1262.6  2192.1  4845.7  4982.4  5119.2  5589.0  6333.6 11342.3 36872.9 44215.2  26287.4    35000
read     2659.8  3233.4   202.4   872.4   948.2  1176.3  2052.8  4795.5  4924.6  5053.7  5567.6  6342.4 10228.3 35897.8 42181.2  27354.8    40000
read     2857.2  3592.4   255.0   937.3  1009.3  1256.7  2232.2  4848.1  4977.0  5105.8  5598.5  6418.4 18107.4 36900.5 49668.9  26131.4    45000
read     2772.5  3379.2   236.1   915.4   991.9  1233.7  2172.0  4830.4  4957.3  5084.1  5583.1  6372.2 12879.6 36838.4 46269.6  26582.8    50000
read     2778.4  3411.6   374.7   915.4   993.7  1241.2  2202.7  4836.5  4958.1  5079.8  5524.0  6326.1 10972.7 36831.3 52279.7  26441.6    55000
Warning! Detected max cpu usage > 95%
CPU Usage Stats (avg/min/max): 79.28%,5.05%,100.00%
