#type       avg     std     min      p5     p10     p50     p67     p75     p80     p85     p90     p95     p99    p999   p9999     QPS   target
read     3029.1  2801.1   187.4  2062.9  2140.5  2337.0  2633.1  2762.1  3811.3  3891.3  3971.2  4051.1 19408.3 31328.4 46029.1   4994.2     5000
read     2302.8  1851.4   173.5   283.4   330.3  2336.8  2504.2  2651.1  2945.7  3598.7  3828.1  3968.2  5787.0 27997.8 33824.5  10003.0    10000
read     1809.4  1555.0   160.7   275.1   318.4  2264.6  2417.0  2520.8  2603.4  2726.6  3170.2  3659.1  4050.0 19627.8 30415.7  15001.6    15000
read     1509.0  1447.8   148.8   270.5   316.6   763.7  2329.6  2440.0  2519.7  2616.1  2735.7  3158.9  4638.7 19562.7 29283.8  19885.4    20000
read     1288.2  1386.8   160.7   288.9   340.6   710.3  1093.5  2301.2  2399.7  2522.8  2663.8  2906.4  5094.1 17617.4 29635.2  24883.4    25000
read     2681.5  3346.7   202.4   857.3   945.3  1191.3  2105.2  4797.5  4926.7  5056.0  5523.1  6309.5 10718.5 36739.1 52036.1  26972.6    30000
read     2697.2  3261.2   187.4   873.8   954.2  1204.9  2103.5  4809.1  4939.9  5070.8  5555.6  6346.1 10191.4 36059.4 48976.8  26892.4    35000
read     2792.7  3520.9   187.4   884.7   960.7  1216.7  2094.0  4811.3  4956.0  5100.6  5757.7  8630.7 15240.4 36537.1 42761.9  26536.3    40000
read     2839.8  3605.4   202.4   927.5  1014.3  1250.8  2198.7  4837.9  4966.6  5095.3  5528.0  6416.8 19168.8 37632.8 46840.5  26429.0    45000
read     2541.9  3043.0   202.4   877.0   935.8  1114.9  1963.5  4778.9  4898.3  5017.6  5290.1  6176.4 10034.2 35345.2 44009.7  28334.8    50000
read     3160.1  4382.1   255.0  1042.1  1104.0  1314.5  2513.1  4912.1  5043.9  5241.0  5707.4  6449.3 30699.3 37790.4 48859.9  25275.6    55000
Warning! Detected max cpu usage > 95%
CPU Usage Stats (avg/min/max): 85.23%,27.64%,100.00%
