#type       avg     std     min      p5     p10     p50     p67     p75     p80     p85     p90     p95     p99    p999   p9999     QPS   target
read      398.1   510.0   160.7   233.0   260.9   373.8   407.4   426.9   440.1   457.7   478.2   512.6   668.9  6971.3 31316.5   5002.6     5000
read      441.4   300.5   160.7   224.2   244.4   437.9   502.9   534.9   556.3   581.5   612.6   657.6   762.4  3924.2 12934.5   9963.8    10000
read      487.0   265.5   160.7   223.1   247.2   471.5   559.7   606.7   639.2   680.0   730.4   800.7   938.7  2779.3 10112.0  14970.2    15000
read      521.2   332.5   160.7   223.5   246.7   486.2   585.5   646.2   695.3   756.9   833.3   930.6  1151.1  3858.8 10836.9  20034.2    20000
read      551.8   287.0   148.8   225.8   253.6   539.0   628.3   684.1   732.1   794.1   867.2   962.4  1103.1  2358.6  8106.8  25072.4    25000
read      573.8   392.6   160.7   228.9   257.4   545.4   649.6   711.4   759.0   822.0   902.0  1010.0  1256.1  5298.1 15422.6  29846.0    30000
read      585.6   372.6   148.8   230.1   258.5   556.4   677.7   744.8   793.8   851.6   927.1  1045.4  1265.8  3224.8 16943.1  34966.0    35000
read      606.8   411.7   160.7   237.2   269.7   570.8   695.8   767.7   817.8   876.4   957.7  1085.0  1360.0  4011.7 15235.4  40021.2    40000
read      620.3   391.9   160.7   244.5   280.5   577.5   713.8   787.5   839.5   900.8   983.5  1113.1  1380.7  4136.9 14250.7  44918.8    45000
read      709.8   462.7   160.7   278.8   331.8   661.9   800.3   871.6   927.0   997.6  1096.7  1282.7  1726.8  4939.4 16049.5  50197.4    50000
read     1322.3   897.8   173.5   960.6  1010.3  1136.8  1183.9  1239.7  1279.8  1974.8  2136.8  2270.3  2474.4 15124.5 31263.5  50745.9    55000
Warning! Detected max cpu usage > 95%
CPU Usage Stats (avg/min/max): 81.21%,9.55%,100.00%
