#type       avg     std     min      p5     p10     p50     p67     p75     p80     p85     p90     p95     p99    p999   p9999     QPS   target
read      401.8   496.3   160.7   230.4   256.6   374.8   409.2   428.8   442.5   459.3   479.6   511.2   638.2  7594.8 22428.9   5005.8     5000
read      444.1   426.6   160.7   225.5   244.5   430.0   496.0   528.6   549.8   576.9   609.6   660.5   784.4  4627.7 26485.5  10063.2    10000
read      491.9   393.7   160.7   223.1   246.7   467.0   554.9   602.2   635.7   675.4   725.2   796.7   946.7  5720.1 13310.1  14947.6    15000
read      522.5   298.4   160.7   223.1   247.9   504.0   591.6   647.3   690.6   744.2   809.6   891.8  1047.5  1794.8 10004.8  19921.6    20000
read      547.6   280.0   160.7   226.2   252.5   532.5   624.2   680.5   728.3   789.3   864.5   958.9  1122.7  1594.8  9878.2  24961.1    25000
read      569.6   387.7   160.7   228.6   255.2   528.5   638.3   705.8   760.8   832.7   923.1  1064.5  1363.4  3782.1 14708.0  29919.8    30000
read      576.8   327.2   160.7   230.5   258.8   549.0   667.0   734.0   783.5   842.7   920.6  1038.4  1264.3  1731.1 11398.9  35059.4    35000
read      594.0   344.7   160.7   236.2   267.3   566.3   688.7   757.1   803.7   860.1   934.7  1058.3  1271.8  3594.2 10032.2  40140.2    40000
read      618.6   356.0   160.7   246.5   283.3   587.2   714.9   783.8   833.5   891.9   969.1  1091.6  1333.9  2537.3 12571.4  44880.0    45000
read     1355.8   882.0   173.5   963.4  1028.4  1181.1  1249.0  1282.2  1354.2  1906.9  2199.8  2336.7  2551.2 14306.3 32605.3  48815.4    50000
read     1352.1   832.8   173.5   989.0  1035.6  1176.8  1241.8  1275.1  1338.1  1958.2  2201.0  2330.6  2535.5 12534.5 30164.6  49423.6    55000
Warning! Detected max cpu usage > 95%
CPU Usage Stats (avg/min/max): 79.21%,4.57%,100.00%
