#type       avg     std     min      p5     p10     p50     p67     p75     p80     p85     p90     p95     p99    p999   p9999     QPS   target
read      401.4   393.7   160.7   231.9   259.7   379.9   415.0   433.8   448.5   464.3   486.2   519.9   643.5  7698.1 12763.4   4955.8     5000
read      442.6   271.6   160.7   223.7   243.3   438.5   504.0   535.9   557.4   582.6   614.2   661.5   785.0  3924.6  8083.9  10016.2    10000
read      490.5   359.2   148.8   224.1   247.2   467.5   555.1   602.6   636.2   677.7   729.5   806.9   979.1  5570.6 10046.0  15090.1    15000
read      527.1   324.4   160.7   224.0   249.8   506.0   596.1   651.0   695.6   752.3   818.9   906.4  1061.5  1989.1 13940.6  20032.8    20000
read      556.1   292.5   160.7   228.6   256.6   540.3   632.4   688.6   736.3   796.2   869.8   969.0  1148.3  2384.0  9831.0  25113.2    25000
read      579.8   351.8   160.7   232.1   260.5   559.7   665.3   726.0   774.1   834.8   913.1  1018.9  1236.9  2948.4 13927.9  30041.0    30000
read      581.7   410.5   160.7   227.7   253.8   531.8   654.8   731.7   791.4   860.5   948.5  1094.1  1425.2  3285.6 17808.7  34945.8    35000
read      587.0   348.8   160.7   233.8   262.3   539.8   666.0   741.7   798.2   866.0   958.6  1095.5  1423.8  3084.0 10935.9  40009.4    40000
read      614.0   404.6   160.7   241.0   274.3   566.7   696.7   775.2   831.5   898.2   985.8  1131.6  1455.6  3208.4 14508.8  44958.6    45000
read      663.5   396.3   160.7   272.5   319.9   621.3   759.5   831.2   882.6   945.4  1034.5  1169.7  1453.7  2008.2 15603.7  49953.8    50000
read     1304.3   801.4   187.4   930.2   970.3  1113.5  1173.4  1238.4  1406.0  1944.9  2096.4  2209.9  2492.5 12769.9 28374.4  50969.2    55000
Warning! Detected max cpu usage > 95%
CPU Usage Stats (avg/min/max): 79.11%,4.08%,100.00%
