#type       avg     std     min      p5     p10     p50     p67     p75     p80     p85     p90     p95     p99    p999   p9999     QPS   target
read     3041.1  2754.0   187.4  2201.7  2219.8  2365.0  2630.2  2759.7  3807.1  3887.7  3968.3  4048.9 19295.0 33086.6 46008.5   5005.8     5000
read     2338.6  1952.0   160.7   286.4   332.5  2404.7  2539.2  2670.6  2932.0  3577.2  3820.4  3971.3  8282.4 26585.3 33828.8   9983.6    10000
read     1832.3  1682.1   160.7   268.6   312.8  2297.9  2471.6  2548.9  2636.1  2744.2  3182.9  3677.5  4056.0 24327.9 31850.8  14945.0    15000
read     1530.8  1567.6   160.7   271.8   317.9   744.1  2376.8  2488.4  2558.2  2656.5  2758.2  3161.1  5164.0 20256.0 29764.6  20052.8    20000
read     1288.5  1464.1   160.7   291.2   345.8   728.9   997.9  2317.1  2444.6  2561.6  2700.0  2926.1  5110.3 19546.5 32644.3  25077.2    25000
read     2826.2  3556.3   187.4   910.1   995.7  1257.3  2235.1  4843.3  4976.3  5109.2  5513.5  6374.6 16267.8 37539.2 51422.2  26182.6    30000
read     2835.1  3629.9   187.4   938.4  1013.0  1242.1  2152.7  4818.9  4958.2  5097.5  5718.5  8832.9 19540.9 36899.0 48651.3  26390.2    35000
read     2752.1  3435.9   187.4   898.2   978.7  1219.6  2127.0  4813.5  4944.5  5075.6  5554.8  6403.2 10984.1 37150.7 46802.1  26689.4    40000
read     2806.1  3493.5   202.4   907.7   988.0  1238.7  2172.8  4837.1  4967.8  5098.5  5614.5  6408.5 15324.7 37126.4 47308.2  26443.8    45000
read     2735.5  3635.1   218.6   897.0   965.3  1179.3  2068.7  4800.6  4933.2  5065.7  5631.9  6436.6 11967.7 41250.9 67906.6  27105.0    50000
read     2844.0  3669.8   346.9   929.2   999.7  1240.2  2196.0  4839.3  4968.3  5097.3  5595.1  6417.6 17758.1 37922.3 54769.1  26355.2    55000
Warning! Detected max cpu usage > 95%
CPU Usage Stats (avg/min/max): 80.31%,8.63%,100.00%
