#type       avg     std     min      p5     p10     p50     p67     p75     p80     p85     p90     p95     p99    p999   p9999     QPS   target
read     3068.1  2786.1   187.4  2197.8  2217.0  2355.3  2640.5  2767.2  3817.5  3895.7  3973.8  4052.0 19156.2 32687.7 37666.2   4961.2     5000
read     2352.5  2076.4   160.7   282.7   329.9  2380.7  2526.6  2655.8  2935.8  3605.4  3839.7  3980.7  9561.4 28182.5 34563.8  10051.4    10000
read     1846.4  1647.7   160.7   275.7   321.1  2297.3  2471.7  2551.6  2641.6  2747.4  3191.6  3726.4  4062.4 20203.2 32133.5  14973.0    15000
read     1538.9  1482.4   160.7   274.4   320.5   763.6  2393.8  2498.1  2563.3  2664.9  2768.0  3217.5  4682.7 19463.7 31605.9  19910.6    20000
read     1309.7  1392.3   160.7   298.4   355.4   741.7  1034.2  2332.9  2458.6  2578.5  2727.1  2974.3  5257.8 16202.1 28042.5  25006.8    25000
read     2793.1  3501.5   187.4   863.2   968.3  1260.6  2227.7  4834.9  4977.8  5120.7  5512.3  6364.4 15109.7 37197.6 48903.3  26169.6    30000
read     2716.4  3273.5   218.6   890.4   968.0  1213.6  2154.0  4830.1  4951.3  5072.6  5497.2  6265.0 10247.3 36804.4 50077.2  26831.0    35000
read     2954.3  3764.7   218.6   961.1  1034.6  1293.2  2307.7  4883.8  5038.2  5254.3  5640.7  7365.3 24496.0 37306.9 47207.9  25578.8    40000
read     2956.3  3809.2   236.1   973.4  1040.1  1276.6  2308.6  4873.3  5013.8  5196.4  5689.1  6897.1 24719.8 37888.5 51162.4  25645.8    45000
read     2814.6  3538.1   218.6   907.7   980.9  1232.9  2185.1  4855.1  4986.6  5118.1  5570.4  6354.8 15435.0 37260.2 46464.7  26473.2    50000
read     2715.0  3362.5   173.5   891.9   960.3  1182.2  2085.5  4817.6  4947.2  5076.8  5538.1  6342.1 12376.9 36622.1 53355.6  27107.4    55000
Warning! Detected max cpu usage > 95%
CPU Usage Stats (avg/min/max): 79.49%,4.55%,100.00%
