#type       avg     std     min      p5     p10     p50     p67     p75     p80     p85     p90     p95     p99    p999   p9999     QPS   target
read     3091.9  2894.5   173.5  2204.3  2224.1  2397.8  2640.0  2765.3  3811.9  3891.4  3970.9  4050.4 19806.2 33372.0 45102.0   5036.0     5000
read     2311.9  1965.5   160.7   279.3   323.1  2419.6  2535.8  2646.2  2757.6  3507.0  3800.0  3959.3  8009.7 25705.5 33161.8  10039.8    10000
read     1840.3  1685.9   160.7   270.9   317.2  2340.2  2503.5  2579.4  2663.8  2748.2  3146.2  3600.4  4052.6 24257.4 32403.2  15004.8    15000
read     1543.0  1564.9   160.7   272.9   318.4   734.8  2421.1  2515.7  2580.6  2676.6  2776.0  3194.7  5162.5 20055.6 31528.5  19919.6    20000
read     1294.7  1424.2   160.7   297.6   355.5   736.1   998.0  2365.9  2476.2  2586.4  2725.8  2960.6  5162.8 18942.8 29289.7  25099.0    25000
read     2776.6  3459.6   187.4   892.3   982.6  1246.5  2142.8  4814.9  4956.0  5097.2  5591.1  6446.6 12382.7 36523.6 48417.9  26379.8    30000
read     2800.9  3512.2   187.4   893.8   980.3  1237.7  2183.6  4841.3  4971.2  5101.0  5538.8  6366.1 16789.4 37126.9 51168.3  26552.6    35000
read     2831.4  3558.0   255.0   929.8  1005.6  1240.9  2186.4  4831.5  4966.9  5102.3  5666.2  7349.5 16398.4 37330.4 47373.4  26346.8    40000
read     2858.9  3524.4   187.4   904.5   993.9  1278.5  2302.3  4863.4  4996.6  5131.3  5521.6  6326.1 18477.1 37195.1 47775.8  26117.4    45000
read     2808.5  3525.7   236.1   916.8   991.0  1236.5  2170.1  4831.7  4963.8  5095.8  5601.7  6428.4 15554.0 37477.4 50754.1  26487.0    50000
read     2704.4  3340.5   160.7   882.4   957.3  1183.9  2085.4  4800.6  4929.7  5058.8  5605.5  6397.0 10483.7 37062.1 44395.6  27088.0    55000
Warning! Detected max cpu usage > 95%
CPU Usage Stats (avg/min/max): 79.28%,5.50%,100.00%
