#type       avg     std     min      p5     p10     p50     p67     p75     p80     p85     p90     p95     p99    p999   p9999     QPS   target
read      413.5   441.6   173.5   234.5   266.2   393.8   431.0   452.0   466.0   484.3   506.0   542.7   661.1  6806.8 16056.3   5065.0     5000
read      457.8   574.5   160.7   226.8   247.0   439.8   506.8   539.9   562.8   588.0   622.6   676.4   841.2  5330.3 30067.7  10042.4    10000
read      492.6   304.4   160.7   226.4   249.9   470.1   560.0   608.3   641.6   682.9   733.8   808.7   985.3  4962.7  9408.8  14963.4    15000
read      515.8   287.6   160.7   225.1   248.3   482.7   583.8   643.9   693.7   754.0   828.1   923.8  1126.0  3276.2  9354.1  19982.4    20000
read      553.3   389.3   160.7   228.1   253.9   529.7   622.4   678.6   725.7   786.8   862.8   962.5  1183.4  4336.6 12746.6  25061.0    25000
read      576.7   403.5   148.8   230.4   257.0   542.6   651.2   714.7   764.3   829.5   915.3  1036.4  1333.4  5149.8 15471.2  29977.7    30000
read      583.5   346.5   160.7   232.8   260.2   543.8   660.9   733.1   788.4   856.0   944.3  1081.1  1408.8  2067.2 10753.9  35114.4    35000
read      618.9   397.3   160.7   242.0   274.3   584.2   714.1   785.3   836.7   898.1   981.6  1111.1  1382.3  3205.2 15280.3  40070.4    40000
read      726.9   658.8   160.7   259.4   303.9   655.4   807.4   893.0   956.9  1035.5  1131.6  1317.9  2186.7  5246.1 31196.9  44973.6    45000
read      822.0   568.9   160.7   284.1   361.4   765.3   954.7  1034.1  1080.0  1137.8  1229.2  1576.7  2169.6  6441.9 19727.5  50072.4    50000
read     1399.3   926.5   173.5  1024.8  1061.3  1211.2  1269.0  1321.8  1373.2  2057.1  2263.0  2396.1  2579.0 15268.5 31716.1  48088.1    55000
Warning! Detected max cpu usage > 95%
CPU Usage Stats (avg/min/max): 81.08%,10.00%,100.00%
