#type       avg     std     min      p5     p10     p50     p67     p75     p80     p85     p90     p95     p99    p999   p9999     QPS   target
read      398.0   388.0   160.7   235.7   263.2   380.2   416.0   434.9   450.3   466.6   489.6   522.5   617.9  5216.1 15656.8   5018.0     5000
read      460.5   467.1   160.7   226.3   247.8   449.4   517.7   550.4   573.9   598.5   631.9   683.2   808.0  5488.2 16056.8  10124.8    10000
read      489.3   279.0   160.7   224.5   249.1   472.7   560.0   607.6   640.6   682.0   729.9   798.6   930.7  3292.1 10016.5  14983.0    15000
read      529.2   336.1   160.7   225.7   251.2   508.9   599.9   655.8   700.2   751.6   815.4   900.7  1054.7  3367.0 11510.3  20026.6    20000
read      560.5   381.0   160.7   227.7   255.4   540.1   633.0   689.6   736.5   797.1   873.0   970.0  1133.6  4421.5 16046.7  24966.8    25000
read      570.8   357.8   160.7   229.0   255.7   545.7   652.4   713.6   760.0   822.9   906.9  1017.0  1254.9  3620.7 14679.3  30073.6    30000
read      589.3   391.8   160.7   232.3   259.6   549.5   667.7   735.1   788.3   855.4   939.0  1069.7  1402.6  5594.6 13284.8  35000.5    35000
read      578.5   411.0   160.7   231.5   257.9   512.2   634.3   718.1   785.9   868.7   977.9  1148.8  1463.8  3283.5 14948.7  40084.8    40000
read      620.7   393.8   148.8   246.1   280.7   585.8   716.1   784.9   835.3   895.0   973.3  1092.9  1361.4  3890.2 14993.2  44771.8    45000
read      651.6   397.9   160.7   256.0   307.3   589.9   735.3   815.4   873.6   948.3  1051.5  1212.2  1490.0  2440.8 13536.9  49989.4    50000
read     1263.4   816.4   173.5   900.2   949.0  1078.2  1142.2  1181.6  1276.0  1911.3  2042.9  2152.5  2346.7 13117.1 29030.7  52582.0    55000
Warning! Detected max cpu usage > 95%
CPU Usage Stats (avg/min/max): 80.41%,7.07%,100.00%
