#type       avg     std     min      p5     p10     p50     p67     p75     p80     p85     p90     p95     p99    p999   p9999     QPS   target
read      391.8   341.8   160.7   233.2   259.6   375.9   411.4   430.6   444.9   461.6   482.8   513.2   606.6  5663.6 14502.9   5007.4     5000
read      445.9   306.0   160.7   224.8   244.8   438.3   505.3   538.4   560.7   585.2   617.8   667.1   792.3  4867.7 10250.6  10038.0    10000
read      496.5   310.6   148.8   222.2   247.4   481.1   573.7   621.5   653.9   689.6   736.2   800.6   931.3  4329.6  9694.7  14940.5    15000
read      526.8   323.8   160.7   223.2   248.5   503.2   596.0   651.7   697.4   749.7   816.4   906.6  1076.9  3360.4 11368.3  20001.6    20000
read      549.8   302.0   160.7   226.8   252.8   528.9   623.8   682.7   730.4   791.7   870.7   972.3  1178.0  2436.6 10452.1  25087.2    25000
read      570.8   367.0   160.7   229.3   256.7   549.4   653.1   713.3   759.6   822.8   903.8  1008.4  1233.5  3215.6 15407.3  30048.6    30000
read      580.0   357.1   160.7   229.4   256.2   536.3   654.4   725.7   782.1   854.2   942.2  1087.4  1442.5  2756.3 13092.4  34974.4    35000
read      583.8   380.2   160.7   232.1   260.0   531.2   650.2   726.3   786.6   863.3   959.2  1117.8  1471.0  3035.9 13618.7  39918.2    40000
read      605.5   374.7   160.7   241.3   274.3   554.1   685.8   763.0   820.8   891.3   980.2  1120.4  1451.9  2937.2 13266.3  45251.4    45000
read      689.4   480.4   160.7   272.0   323.0   637.7   774.5   850.5   909.1   982.5  1083.1  1252.5  1603.1  4989.6 19611.5  50154.2    50000
read     1353.4   941.7   173.5   976.1  1027.1  1162.6  1226.3  1266.5  1327.9  2010.0  2179.7  2310.6  2519.4 16249.1 31256.0  49792.4    55000
Warning! Detected max cpu usage > 95%
CPU Usage Stats (avg/min/max): 79.10%,5.05%,100.00%
