#type       avg     std     min      p5     p10     p50     p67     p75     p80     p85     p90     p95     p99    p999   p9999     QPS   target
read      446.1   594.1   173.5   237.6   268.0   404.2   452.9   480.0   499.7   523.4   551.4   603.1  1241.6  7653.0 32971.9   4967.6     5000
read      560.5   714.5   160.7   235.4   264.9   496.7   592.7   644.5   681.3   722.8   775.2   862.9  2091.8  7407.4 30824.5   9877.4    10000
read      590.1   750.8   160.7   228.5   255.0   514.5   631.6   705.0   759.0   824.8   906.1  1019.3  1363.8 10704.7 31884.8  14901.2    15000
read      625.1   630.7   160.7   230.4   260.4   562.2   688.1   765.8   826.8   900.8   992.9  1135.6  1578.7  7382.4 27904.4  19964.0    20000
read      680.1   729.6   160.7   235.9   268.7   623.8   762.0   836.1   889.9   954.9  1045.9  1178.7  1654.1 10445.2 31040.3  24941.8    25000
read      733.2   897.4   173.5   236.8   272.0   647.2   807.9   890.5   948.7  1021.2  1118.7  1280.3  2178.4 10992.6 36288.5  29936.6    30000
read      697.4   617.7   160.7   238.4   274.2   621.9   788.8   880.5   943.2  1025.4  1132.2  1313.9  1874.7  6899.4 18799.4  34760.4    35000
read      742.1   668.5   160.7   250.0   297.4   670.2   837.7   924.5   990.1  1070.0  1173.4  1361.2  2023.7  9398.5 28991.7  40043.0    40000
read     1720.3  1383.7   173.5  1190.1  1253.9  1453.6  1544.3  1608.2  1734.8  2315.3  2671.7  2898.3  3940.6 25418.0 39088.0  39927.8    45000
read     1679.8  1289.7   173.5  1230.1  1289.1  1439.0  1494.7  1561.5  1605.9  1962.6  2667.5  2870.0  3227.0 25619.6 36410.5  40804.2    50000
read     1764.5  1356.0   187.4  1307.6  1357.7  1512.6  1581.1  1613.3  1685.1  1874.3  2810.7  2983.4  3414.1 25106.3 35068.1  39070.4    55000
Warning! Detected max cpu usage > 95%
CPU Usage Stats (avg/min/max): 79.59%,6.09%,100.00%
