#type       avg     std     min      p5     p10     p50     p67     p75     p80     p85     p90     p95     p99    p999   p9999     QPS   target
read      490.1  1113.4   173.5   237.7   267.4   405.2   455.5   483.3   503.4   529.0   561.2   618.9  1968.2 28133.7 32149.6   4976.4     5000
read      529.1   549.4   173.5   232.4   261.1   482.7   577.3   628.2   664.3   704.7   752.0   831.5  1129.8  9877.9 20501.8   9992.6    10000
read      601.1   702.7   160.7   231.8   264.8   549.3   660.9   727.9   775.9   831.6   900.5   998.6  1282.4  9342.8 33580.5  15128.6    15000
read      640.1   764.9   160.7   228.8   258.8   564.7   693.5   775.3   837.4   909.9  1001.4  1142.7  1548.1 12132.6 31430.0  19983.4    20000
read      636.4   400.5   160.7   231.8   262.8   590.7   730.1   807.8   866.8   940.1  1036.7  1179.3  1553.7  4233.8 10970.4  25007.8    25000
read      724.6   787.8   160.7   239.3   275.9   657.9   812.0   889.3   945.0  1015.5  1108.2  1266.9  2164.4  9662.8 32396.5  30014.5    30000
read      734.2   744.4   160.7   242.4   283.2   662.6   830.2   918.1   979.7  1053.6  1156.1  1316.7  1958.5 11469.2 30660.4  35018.8    35000
read      796.7   747.9   160.7   258.1   313.0   725.8   894.2   987.8  1057.6  1140.0  1246.9  1440.2  2283.9 10194.6 30291.8  39799.2    40000
read     1771.5  1364.4   173.5  1309.2  1359.9  1521.9  1587.9  1623.8  1690.6  1819.9  2797.5  2991.7  3667.1 25488.6 35047.1  38850.4    45000
read     1700.0  1374.9   187.4  1240.1  1293.1  1439.8  1493.5  1558.7  1603.6  1981.4  2680.0  2880.5  3758.3 25522.6 35868.3  40492.2    50000
read     1643.0  1229.6   187.4  1218.9  1270.9  1410.7  1470.1  1501.0  1568.2  1763.8  2624.3  2800.5  3150.7 22580.7 34389.5  41890.4    55000
Warning! Detected max cpu usage > 95%
CPU Usage Stats (avg/min/max): 79.10%,4.55%,100.00%
