#type       avg     std     min      p5     p10     p50     p67     p75     p80     p85     p90     p95     p99    p999   p9999     QPS   target
read      481.8  1075.5   173.5   235.4   266.6   397.2   446.9   473.6   495.6   520.8   551.8   609.5  2561.5 10941.7 37754.7   5033.6     5000
read      577.9   930.6   173.5   238.0   268.6   498.3   597.3   649.8   686.3   729.2   783.8   871.5  1795.9 10929.5 32341.0   9977.0    10000
read      780.4  1716.2   160.7   237.5   273.1   571.4   695.4   770.8   826.9   890.6   974.5  1160.4  7685.1 29311.4 37834.9  15010.0    15000
read      696.3   923.7   173.5   239.4   273.9   614.7   741.9   818.7   871.9   936.0  1019.3  1152.1  2160.7 14582.3 31524.7  19957.2    20000
read      692.4   505.6   160.7   243.5   280.9   659.0   799.9   870.2   920.8   982.5  1065.8  1198.2  1531.9  5953.0 17834.1  24880.6    25000
read      677.8   560.2   160.7   238.9   271.4   616.7   775.6   857.6   917.0   990.0  1088.1  1251.6  1756.3  5501.9 20385.0  29896.5    30000
read      712.0   593.5   173.5   243.7   281.9   654.2   823.5   908.4   969.0  1040.9  1133.2  1280.3  1774.3  7389.4 18219.9  34936.3    35000
read      769.7   592.8   160.7   253.0   317.4   704.8   876.3   964.6  1029.0  1109.2  1226.4  1425.0  1971.4  7071.2 21051.5  39932.8    40000
read     1784.7  1336.5   160.7  1305.3  1364.4  1544.5  1612.8  1686.1  1735.8  1941.7  2811.4  3053.1  3638.6 25809.6 37242.4  38444.2    45000
read     1752.5  1269.4   173.5  1303.0  1352.9  1521.4  1589.0  1630.1  1696.9  1844.3  2794.3  2988.5  3416.7 25058.2 34829.3  39020.0    50000
read     1764.0  1410.4   187.4  1306.8  1348.5  1499.2  1573.0  1607.7  1670.3  1829.1  2791.9  2971.7  3701.5 25435.0 35066.5  39329.0    55000
Warning! Detected max cpu usage > 95%
CPU Usage Stats (avg/min/max): 76.36%,0.51%,100.00%
