#type       avg     std     min      p5     p10     p50     p67     p75     p80     p85     p90     p95     p99    p999   p9999     QPS   target
read      453.4   701.0   173.5   232.2   261.3   391.5   441.1   468.1   488.9   511.4   544.7   600.4  2033.5  8122.8 32096.5   5065.2     5000
read      504.0   461.5   160.7   225.3   252.0   471.7   563.9   612.4   645.0   684.7   732.3   801.3  1079.9  4648.8 15791.9   9968.6    10000
read      564.6   514.3   160.7   223.2   249.7   506.7   619.3   689.6   740.0   797.0   864.6   966.9  1278.8  7368.2 18256.8  15025.4    15000
read      590.2   486.5   160.7   222.4   247.9   536.2   654.2   730.8   790.8   862.1   944.7  1070.9  1465.0  6303.6 15112.3  19921.6    20000
read      622.8   441.8   160.7   228.4   257.9   593.3   714.1   780.5   831.9   897.1   982.9  1101.6  1392.6  5058.0 13364.9  25130.8    25000
read      645.9   665.5   160.7   226.7   254.8   582.6   724.2   800.2   859.1   931.3  1025.6  1169.8  1641.4  9931.5 31192.8  29947.2    30000
read      704.3   796.2   160.7   232.5   267.0   619.9   774.9   858.5   919.0   994.2  1095.3  1256.5  2163.1 11813.0 31548.9  34954.2    35000
read      676.8   529.3   160.7   238.7   276.8   631.1   784.6   859.3   913.5   979.0  1067.4  1201.4  1651.5  7395.2 18501.0  40068.2    40000
read      920.5   844.5   160.7   291.3   369.8   837.1  1031.2  1122.2  1179.3  1251.4  1373.8  1815.8  2487.3 10709.9 31079.9  45179.2    45000
read     1478.8  1074.3   173.5  1078.5  1118.9  1263.3  1335.6  1376.9  1452.3  2059.6  2369.1  2514.5  2819.9 17010.4 32751.5  45729.0    50000
read     1398.1  1075.8   173.5  1017.3  1043.1  1173.5  1240.6  1277.8  1365.4  2054.3  2233.5  2355.1  2750.8 18925.9 33777.1  48591.0    55000
Warning! Detected max cpu usage > 95%
CPU Usage Stats (avg/min/max): 79.30%,5.05%,100.00%
