#type       avg     std     min      p5     p10     p50     p67     p75     p80     p85     p90     p95     p99    p999   p9999     QPS   target
read      463.4   804.7   173.5   236.0   271.0   403.5   451.6   477.6   497.2   520.1   549.1   599.5  1774.2 10779.9 31849.1   5043.8     5000
read      506.3   426.2   160.7   226.0   250.7   477.0   566.6   613.5   646.3   684.8   732.2   799.8  1008.7  6305.1 12923.8   9969.0    10000
read      575.9   782.3   160.7   221.8   247.9   507.9   617.9   685.6   734.0   789.6   858.4   955.2  1470.7 10836.5 35310.2  14952.4    15000
read      622.5   704.4   160.7   223.8   250.7   552.2   670.1   743.9   801.8   872.2   954.2  1077.6  1798.2 11019.5 27453.3  20086.6    20000
read      605.0   408.7   160.7   223.8   250.5   556.8   687.1   763.2   821.9   896.0   990.4  1131.4  1483.2  4906.3 13443.3  24979.0    25000
read      624.3   465.4   160.7   225.7   251.8   555.9   699.3   783.8   850.6   934.0  1046.2  1227.2  1629.2  5016.5 14171.5  30007.2    30000
read      653.2   621.1   160.7   226.4   254.9   567.7   720.5   809.4   878.6   965.4  1083.6  1284.2  1820.0  7870.8 22595.9  34960.0    35000
read      671.3   585.0   160.7   234.4   269.3   591.8   750.1   840.6   905.5   983.1  1086.7  1267.1  1872.5  7874.2 18515.3  39973.0    40000
read     1479.7  1247.0   173.5   894.3  1087.6  1272.8  1349.5  1390.8  1475.3  1978.6  2365.1  2535.4  3173.7 21716.3 37242.1  44422.4    45000
read     1484.8  1178.8   173.5  1081.3  1120.1  1260.2  1327.4  1368.3  1424.4  1981.8  2378.1  2518.1  2810.7 21477.0 35904.3  45601.6    50000
read     1612.9  1245.3   173.5  1188.7  1215.3  1366.6  1441.5  1483.3  1550.6  2021.6  2558.1  2721.8  3335.4 20975.7 36006.2  42604.4    55000
Warning! Detected max cpu usage > 95%
CPU Usage Stats (avg/min/max): 77.45%,1.02%,100.00%
