#type       avg     std     min      p5     p10     p50     p67     p75     p80     p85     p90     p95     p99    p999   p9999     QPS   target
read      468.2   901.5   173.5   233.1   265.1   408.1   456.0   482.3   501.7   525.4   553.8   613.7  1674.6  8685.1 36518.9   5026.2     5000
read      538.4   800.7   173.5   225.2   249.6   473.4   568.8   619.1   654.2   695.3   747.6   839.9  1446.8 10956.5 30884.8  10083.0    10000
read      561.0   437.5   160.7   223.2   252.4   521.5   631.8   697.0   743.1   794.9   858.7   942.3  1182.1  6202.5 14210.0  15064.6    15000
read      613.7   695.9   160.7   225.7   253.9   555.7   672.6   745.0   802.7   871.1   946.2  1065.6  1517.9  9883.0 34637.8  19877.0    20000
read      629.1   628.4   160.7   226.6   256.6   589.8   709.5   776.8   828.5   893.5   976.3  1086.6  1427.6  8321.4 28433.0  25048.4    25000
read      655.7   843.6   160.7   224.8   251.6   567.0   711.9   793.9   858.5   938.4  1045.6  1214.9  1740.9 12623.5 35737.9  29905.0    30000
read      664.4   477.9   160.7   234.9   269.7   625.4   772.8   847.1   898.2   957.7  1041.3  1179.5  1509.4  7094.3 14504.4  35033.1    35000
read      685.0   666.9   160.7   234.5   271.8   624.4   777.6   857.2   915.2   985.3  1076.3  1221.6  1868.0  9200.1 27972.5  39841.8    40000
read     1390.1  1177.0   160.7   529.0   774.4  1255.0  1334.8  1376.1  1435.1  1575.2  2287.7  2524.7  2955.8 19040.8 35096.1  44300.2    45000
read     1507.2  1127.4   173.5  1078.5  1125.7  1287.3  1358.4  1404.4  1472.2  2051.0  2410.2  2563.5  2961.1 20234.3 33884.1  45094.7    50000
read     1453.5  1003.7   160.7  1060.8  1106.0  1238.6  1299.2  1358.5  1431.2  2130.1  2322.1  2478.7  2764.2 16025.5 33978.7  46584.0    55000
Warning! Detected max cpu usage > 95%
CPU Usage Stats (avg/min/max): 79.10%,4.06%,100.00%
