#type       avg     std     min      p5     p10     p50     p67     p75     p80     p85     p90     p95     p99    p999   p9999     QPS   target
read      387.8   392.6   160.7   226.1   254.6   366.5   400.1   419.1   431.6   448.4   468.3   503.1   615.2  6629.9 12732.3   5069.4     5000
read      441.8   359.0   160.7   218.6   237.5   429.7   497.4   530.1   550.9   578.1   610.6   659.6   787.1  5157.3 12589.2  10048.6    10000
read      475.0   273.7   148.8   214.7   237.4   458.1   544.4   590.1   623.4   661.8   709.8   781.6   924.4  4022.6  9409.4  14957.4    15000
read      515.8   350.6   160.7   217.1   241.2   491.9   580.1   634.0   676.9   727.8   791.7   872.8  1042.4  5016.8 11070.2  20036.2    20000
read      537.6   269.2   160.7   220.2   245.7   522.2   612.5   667.1   712.6   772.4   847.3   939.9  1106.5  2881.8  7669.7  24901.0    25000
read      553.7   353.1   160.7   220.5   245.8   516.5   623.0   686.6   739.3   809.1   897.3  1021.6  1335.4  3379.6 12904.5  30118.0    30000
read      561.1   330.3   160.7   220.9   246.7   524.6   639.1   707.7   760.1   826.2   909.5  1035.5  1350.3  1805.7 12235.4  35111.6    35000
read      576.9   392.2   148.8   223.7   253.9   551.3   668.4   731.9   778.4   833.3   905.9  1018.0  1240.9  3344.1 18581.1  39949.0    40000
read      601.1   396.0   148.8   234.2   271.1   570.9   694.5   761.6   809.1   865.3   938.5  1060.4  1308.5  2260.7 15409.1  45144.8    45000
read      626.5   399.5   160.7   244.2   287.0   580.1   714.7   790.3   845.0   909.5   993.4  1134.1  1434.4  2183.1 17580.4  49890.0    50000
read     1340.2   869.9   160.7   957.5  1008.0  1159.1  1230.7  1274.5  1358.2  1956.9  2158.5  2308.0  2534.8 12753.5 31801.8  49995.0    55000
Warning! Detected max cpu usage > 95%
CPU Usage Stats (avg/min/max): 77.99%,1.01%,100.00%
