#type       avg     std     min      p5     p10     p50     p67     p75     p80     p85     p90     p95     p99    p999   p9999     QPS   target
read      385.8   289.1   173.5   231.1   259.7   372.1   406.0   426.2   439.5   457.5   478.0   508.7   594.9  5554.4  9878.4   4986.4     5000
read      440.4   289.5   160.7   218.3   237.4   430.9   496.9   529.6   550.6   578.7   612.8   666.5   803.9  4301.6  9139.9  10011.4    10000
read      483.0   380.3   148.8   217.8   240.7   459.7   543.5   589.7   624.4   664.8   716.7   793.2   943.1  4833.1 19799.2  14917.6    15000
read      511.9   285.2   160.7   217.6   240.6   488.3   578.5   634.3   679.8   734.9   803.2   891.1  1065.5  2623.4  9682.7  20007.4    20000
read      545.6   365.3   148.8   219.6   244.8   524.4   615.1   670.5   717.6   779.2   854.0   950.7  1131.9  3481.6 15725.0  24904.8    25000
read      552.1   304.1   160.7   221.8   248.7   539.5   635.4   689.9   734.6   790.6   863.8   972.2  1156.6  1595.6 11370.9  29983.6    30000
read      564.7   325.9   148.8   222.3   249.1   541.5   654.7   717.7   764.9   821.9   895.7  1008.1  1223.0  2000.5 11405.0  35011.8    35000
read      575.5   394.6   160.7   223.5   251.4   534.2   658.8   730.8   783.6   845.1   922.9  1053.9  1357.4  2388.2 16139.6  39950.0    40000
read      608.1   378.6   160.7   234.9   271.8   573.1   702.9   773.1   822.4   880.0   957.8  1082.7  1353.6  2609.0 14301.5  44947.2    45000
read     1154.6   817.6   160.7   394.5   550.4  1076.2  1158.6  1209.4  1262.6  1484.2  1963.6  2172.1  2457.9 12843.1 28158.3  50068.8    50000
read     1355.4   885.0   173.5   965.7  1021.7  1174.5  1245.4  1281.5  1355.6  1956.9  2187.6  2335.9  2547.4 14543.2 31663.4  49577.0    55000
Warning! Detected max cpu usage > 95%
CPU Usage Stats (avg/min/max): 78.69%,4.04%,100.00%
