#type       avg     std     min      p5     p10     p50     p67     p75     p80     p85     p90     p95     p99    p999   p9999     QPS   target
read      402.0   379.4   173.5   233.0   265.4   385.4   422.3   443.0   458.4   475.0   499.2   536.3   628.1  5148.7 18308.4   4952.0     5000
read      441.2   276.7   160.7   224.0   243.3   435.5   502.3   535.0   557.0   582.7   615.8   666.2   794.1  3931.8 12431.0  10053.6    10000
read      488.6   272.0   160.7   219.2   243.2   474.0   563.2   610.9   642.6   684.5   737.4   805.5   936.5  2465.2  9611.2  15070.4    15000
read      531.0   429.8   160.7   220.5   245.3   502.5   591.9   647.3   694.4   752.3   820.9   911.4  1088.1  3938.5 20816.9  20082.8    20000
read      590.0   617.4   148.8   222.7   250.1   537.2   634.3   699.2   754.3   820.7   903.3  1017.5  1360.8  9964.2 22921.2  25112.6    25000
read      586.6   515.5   160.7   225.5   251.5   531.7   643.2   712.6   767.3   837.5   928.6  1073.5  1466.7  7490.6 15487.6  29792.4    30000
read      590.9   544.3   160.7   225.2   251.6   540.5   661.9   735.5   789.4   852.8   935.1  1076.1  1426.5  6258.4 22867.3  35040.4    35000
read      584.6   341.5   160.7   228.8   259.6   554.6   678.6   747.9   796.7   852.0   923.7  1043.3  1268.3  2354.9 11968.3  39942.0    40000
read      595.6   369.5   160.7   232.0   264.1   538.9   668.5   748.1   807.6   881.2   978.3  1135.2  1480.3  3406.6 11301.3  44851.2    45000
read      633.2   395.8   160.7   247.9   292.0   576.6   715.8   796.3   854.5   924.1  1016.1  1170.7  1482.1  3867.8 12917.1  49978.4    50000
read     1366.8   922.7   160.7   971.1  1025.9  1181.8  1251.0  1286.9  1358.1  1961.1  2200.9  2346.4  2557.4 15414.2 31098.2  49308.6    55000
Warning! Detected max cpu usage > 95%
CPU Usage Stats (avg/min/max): 67.68%,17.68%,100.00%
