Random waveform, random seed
Total number of intervals = 320 (53837, 65966, 50164, 89339, 23259, 26614, 80990, 31757, 62274, 30772, 43646, 78245, 73552, 50072, 66720, 78457, 15020, 65232, 63177, 10101, 54873, 5190, 71675, 34765, 82482, 27386, 38419, 24162, 91906, 44762, 38437, 42763, 67756, 7753, 21234, 97431, 80797, 13211, 76516, 83795, 51635, 21554, 69212, 73965, 58466, 56105, 87059, 85940, 6618, 36779, 7135, 83124, 73981, 32543, 68598, 11829, 28023, 95968, 97794, 5120, 34080, 65278, 65581, 30588, 83211, 14783, 82605, 5402, 25125, 36910, 15797, 16558, 85569, 35016, 21648, 29884, 22428, 18475, 83853, 84008, 15221, 35396, 41645, 93406, 75497, 52863, 46462, 98026, 6626, 82182, 13763, 34350, 41329, 92780, 9402, 79962, 37302, 59495, 66224, 99963, 82536, 81628, 14189, 76315, 32450, 30468, 53599, 69799, 46099, 73151, 54930, 15925, 76631, 13254, 33300, 56685, 64340, 80660, 86427, 21718, 55980, 89882, 42492, 70487, 22135, 46840, 96864, 53918, 15483, 66506, 96022, 62799, 13061, 13127, 76987, 20453, 90061, 8124, 83723, 81711, 78316, 22056, 43460, 91671, 85054, 30139, 36739, 90802, 20006, 79929, 63039, 64305, 67556, 65494, 88525, 24780, 29848, 81601, 37060, 71590, 43313, 91672, 7385, 11473, 30857, 36443, 64482, 83105, 48335, 38737, 48146, 5153, 26861, 43088, 25767, 86233, 80574, 67791, 28862, 42575, 39297, 52018, 95982, 46494, 63572, 95159, 84537, 71462, 63483, 16612, 29236, 67667, 38133, 52724, 89271, 33127, 5029, 21767, 36277, 24513, 99463, 34248, 36175, 15348, 68124, 23132, 78263, 80394, 82767, 62604, 60257, 46257, 72716, 63158, 72570, 64803, 61262, 35474, 18974, 20598, 53930, 20791, 66875, 18504, 16237, 9428, 41045, 68913, 75380, 87816, 84448, 11826, 71231, 90851, 76670, 97575, 24720, 73270, 48954, 88062, 38850, 48812, 69474, 94336, 36813, 5768, 92659, 69270, 91531, 9997, 10471, 96662, 70836, 87456, 17168, 71024, 31205, 93769, 6850, 31764, 82033, 87255, 59822, 52648, 31518, 41758, 89751, 22529, 18976, 63247, 42149, 93534, 39600, 18122, 42836, 50483, 41168, 46353, 80113, 20901, 8795, 44250, 73292, 43912, 83642, 46037, 77948, 10406, 49325, 47971, 95474, 59382, 60629, 26567, 47050, 7114, 10743, 98447, 52703, 18786, 97624, 5577, 24952, 79933, 34932, 25006, 26366, 85542, 50629, 22590, 91711, 94658, 34868, 95773, 49527, 35659, 81789, 57774, 30550, 98775)
Average QPS expected = 52324
Timestamp start: 1715641823024
Timestamp end: 1715642783730

#type       avg     std     min      p5     p10     p50     p67     p75     p80     p85     p90     p95     p99    p999   p9999      QPS   target
read      359.8   197.8   137.8   191.8   204.9   320.9   390.3   430.4   464.3   503.5   552.2   637.5   914.8  1799.9  5724.5  53882.0    53837
read      357.9   191.9   148.8   192.2   205.2   316.4   385.6   428.0   463.4   505.1   557.5   643.4   891.6  1994.6  6010.8  66076.7    65966
read      361.7   244.9   148.8   192.9   206.1   323.4   396.1   436.4   470.9   509.3   556.6   635.3   831.1  1734.3  8133.4  50224.0    50164
read      358.7   259.2   148.8   194.2   208.0   319.1   381.9   421.3   454.4   495.6   546.0   628.9   849.2  2523.9  5494.0  89578.3    89339
read      377.8   335.6   148.8   194.8   207.8   334.6   400.1   437.7   474.1   509.5   559.8   643.3  1048.8  4294.2 12756.1  23338.3    23259
read      357.0   241.1   148.8   193.0   205.4   326.6   396.0   433.6   468.7   503.3   544.0   609.2   739.9  1610.8  6457.9  26734.3    26614
read      393.4   577.2   148.8   192.8   206.3   321.6   389.0   433.7   471.6   517.2   580.4   692.3  1478.3  5683.1 30996.3  80981.0    80990
read      358.6   254.4   148.8   192.2   204.7   324.1   394.0   434.0   468.3   504.2   548.3   619.7   771.0  1812.1 10927.1  31782.0    31757
read      363.5   192.6   148.8   192.6   205.5   323.8   396.8   443.7   480.6   521.6   575.0   660.6   846.6  1530.4  4797.0  62074.0    62274
read      369.4   241.4   148.8   193.5   206.5   333.6   405.1   450.0   484.8   521.9   570.4   640.3   820.6  2282.6 10964.6  30883.0    30772
read      366.1   238.0   148.8   191.8   204.3   325.1   398.5   442.6   478.9   517.5   568.7   647.2   926.2  1767.6 10237.2  43541.0    43646
read      356.1   223.4   148.8   191.0   203.6   312.8   378.3   421.6   458.2   502.0   555.6   641.2   878.8  2132.2  7950.8  78541.0    78245
read      356.0   218.6   148.8   190.7   202.9   312.4   378.9   423.2   459.9   503.3   555.5   635.9   888.9  2391.8  6657.2  73679.3    73552
read      366.0   320.9   148.8   191.9   204.5   322.0   397.2   443.1   479.2   517.3   567.6   643.7   850.8  1967.7  9760.4  49819.3    50072
read      359.4   220.3   148.8   190.3   202.6   314.5   385.4   430.3   467.2   507.9   560.6   645.5   911.4  2322.5  7732.1  66752.0    66720
read      356.6   217.8   148.8   190.5   203.1   311.7   378.9   423.8   460.2   503.4   558.0   640.8   870.4  2429.0  5757.2  78532.0    78457
read      382.5   770.9   148.8   191.3   203.0   327.9   380.8   408.4   432.1   465.5   505.7   585.5   950.2 12290.4 31917.4  15088.0    15020
read      433.7   720.6   148.8   188.6   201.4   308.0   377.2   433.9   484.0   549.8   692.6  1126.1  1765.4  8731.8 31349.5  65343.0    65232
read      357.5   211.2   148.8   188.5   199.9   313.9   385.3   432.2   469.9   511.1   563.0   642.3   872.1  2014.7  6770.6  63356.0    63177
read      339.8   338.3   148.8   192.0   205.0   315.3   352.5   372.7   389.1   407.8   448.7   516.2   703.4  6170.9 12909.0  10071.0    10101
read      443.0   524.9   148.8   188.1   200.5   309.9   391.0   473.3   542.5   661.8   901.3  1196.8  1602.9  6115.8 12881.5  54786.0    54873
read      336.3   673.9   148.8   204.5   221.9   291.9   317.7   332.6   342.6   356.7   374.0   413.3  1129.4  8988.6 36449.5   5290.7     5190
read      473.7   606.5   148.8   192.1   207.3   312.5   387.8   461.6   529.1   679.3  1038.5  1425.5  1951.8  8126.3 24539.0  71127.7    71675
read      372.8   219.6   148.8   193.9   207.2   332.6   408.7   456.3   490.7   529.3   580.2   653.9   903.6  1978.6  7910.5  35056.7    34765
read      356.0   228.3   148.8   192.3   205.5   310.3   372.9   414.3   449.6   494.0   548.0   634.3  1027.0  2209.3  7731.0  82360.3    82482
read      364.2   241.6   148.8   194.7   207.9   327.5   397.0   436.4   473.0   508.9   553.3   624.7   849.1  2314.4 10735.2  27454.0    27386
read      391.0   309.8   148.8   196.5   210.0   332.8   414.0   466.7   503.7   548.4   616.3   740.3  1140.2  3919.2  8622.6  38384.0    38419
read      371.3   423.0   148.8   195.9   209.1   330.8   397.2   431.5   463.3   497.7   537.0   602.5   941.0  4051.3 16175.9  24116.0    24162
read      389.1   237.2   148.8   198.1   213.0   336.5   408.1   458.1   497.1   545.7   614.2   731.9  1163.8  2510.8  6702.7  91992.7    91906
read      364.4   218.4   148.8   191.4   203.8   324.4   398.4   441.9   476.2   513.4   563.0   641.7   908.2  1977.7  7265.5  44651.7    44762
read      373.5   304.1   148.8   192.5   205.1   326.6   402.7   447.8   484.3   522.9   573.9   654.9  1026.2  3128.2 12790.8  38558.3    38437
read      378.4   246.6   148.8   193.3   206.3   332.5   410.6   460.7   496.0   536.2   590.5   677.8  1078.8  2077.5  7573.8  42918.7    42763
read      371.6   250.0   148.8   191.9   204.7   320.6   393.9   442.0   481.5   525.2   580.7   673.4  1088.6  2795.2  8106.1  67764.3    67756
read      334.8   454.3   148.8   199.6   215.6   308.4   337.5   353.0   364.8   378.0   398.9   453.8   642.0  7196.8 14706.1   7738.7     7753
read      480.8   910.5   148.8   188.5   200.8   354.6   478.5   560.2   616.9   674.2   741.3   852.5  1892.9 12526.2 29882.6  21182.3    21234
read      692.6  1234.2   148.8   243.3   278.2   449.2   537.0   612.7   722.7   976.2  1420.6  1703.2  2967.7 17224.0 32411.2  97299.0    97431
read      378.1   485.6   148.8   193.7   207.5   321.8   388.3   431.6   467.6   508.8   562.9   647.0   983.7  6220.4 27705.3  80866.7    80797
read      347.1   237.7   148.8   192.0   204.9   327.2   374.5   400.2   423.4   454.6   495.8   557.7   724.7  2859.3 10805.1  13268.7    13211
read      459.0   486.0   148.8   194.4   209.7   323.3   395.9   460.5   520.8   616.8   882.6  1389.4  1950.2  4492.6 13487.3  76313.0    76516
read      372.8   485.7   148.8   192.4   205.5   317.8   382.4   425.9   462.7   504.7   558.7   641.9   924.1  6675.5 30380.0  84169.3    83795
read      371.4   305.8   148.8   191.5   203.7   323.6   399.3   447.9   484.6   524.1   576.2   658.6   924.3  3496.1  9270.3  51903.3    51635
read      376.2   338.9   148.8   191.4   203.7   330.9   401.9   449.8   484.9   521.2   572.2   674.2   989.4  2510.5 15278.4  21562.7    21554
read      426.7   635.0   148.8   194.0   207.9   324.9   400.9   458.6   503.9   560.1   638.6   847.8  1825.0  8683.5 31230.8  69126.0    69212
read      379.9   317.7   148.8   192.5   205.8   321.9   395.3   448.1   488.9   534.3   591.0   690.0  1274.2  2925.1  9697.6  73980.0    73965
read      370.5   217.7   148.8   191.7   204.0   320.7   396.8   446.8   484.6   526.5   582.3   671.4  1094.7  2308.3  5192.8  58446.7    58466
read      383.0   408.2   148.8   192.2   204.7   325.6   402.1   455.0   492.3   533.9   589.5   681.8  1099.8  4403.9 14880.9  56048.7    56105
read      384.6   494.2   148.8   194.0   207.7   326.5   392.4   436.2   473.5   519.3   579.1   680.4  1254.5  4289.2 25515.1  87094.7    87059
read      393.8   371.4   148.8   196.2   210.5   332.7   403.0   452.2   490.0   533.5   592.5   712.0  1573.6  3773.3 10892.0  86161.0    85940
read      440.0  1376.0   148.8   196.6   213.7   313.3   351.1   373.4   390.9   413.2   454.1   517.5  3748.8 30569.3 35096.4   6743.0     6618
read      426.8   790.3   148.8   190.7   202.8   326.9   405.6   460.8   501.3   551.6   626.1   811.7  1521.7 12463.7 31837.4  36623.0    36779
read      521.6  1725.5   148.8   196.9   214.9   319.2   364.9   391.1   412.1   447.7   488.6   556.7  6268.4 31459.4 37508.6   7101.3     7135
read      401.0   387.8   148.8   193.8   207.9   327.8   397.3   447.2   487.1   536.1   604.1   746.9  1728.8  4005.1 10595.1  83029.0    83124
read      389.0   411.9   148.8   193.2   206.4   324.6   398.4   451.1   492.1   538.7   601.1   716.1  1426.3  4352.1 12750.0  74045.0    73981
read      372.0   212.4   148.8   192.2   204.2   330.9   406.6   455.5   491.3   530.8   582.4   660.4  1013.7  1747.1  8158.3  32647.3    32543
read      376.1   325.1   148.8   191.5   203.8   319.5   394.2   444.4   483.9   527.4   585.5   683.2  1163.6  3061.3 10643.9  68567.3    68598
read      360.7   499.6   148.8   193.7   206.7   327.2   372.8   396.4   416.1   443.8   485.6   549.5   852.2  5444.0 30381.4  11859.3    11829
read      514.8  1180.2   148.8   192.3   204.9   339.1   446.6   523.8   584.4   673.2   804.9   981.0  3298.7 13697.0 36329.3  28114.0    28023
read      506.8  1284.5   148.8   203.8   222.3   362.6   434.8   489.6   536.8   601.0   690.2   825.7  1878.9 17441.8 37227.7  96085.7    95968
read      408.5   410.3   148.8   201.5   216.9   347.0   422.5   472.3   508.6   553.9   619.2   745.7  1166.5  5321.6 14052.4  97839.0    97794
read      394.6  1056.5   160.7   206.9   225.0   299.4   328.3   345.1   359.9   376.3   402.3   473.7  2932.3 12426.0 36844.8   5178.7     5120
read      530.4  1346.2   148.8   190.6   203.0   335.8   443.0   518.6   584.9   685.7   830.6  1028.5  3499.1 24515.4 37353.9  33815.0    34080
read      410.7   713.2   148.8   192.0   204.8   322.2   397.3   448.8   488.2   533.7   596.5   721.6  1524.2 10651.1 31451.9  65240.0    65278
read      386.2   388.5   148.8   192.7   205.3   323.5   398.4   450.7   490.0   533.2   590.3   689.6  1362.9  4061.9 10444.0  65342.0    65581
read      385.2   412.8   148.8   193.6   206.4   334.7   411.4   463.3   498.6   537.1   586.4   661.3  1031.8  4409.4 10122.0  30575.0    30588
read      377.3   312.2   148.8   193.2   206.6   320.4   389.6   436.0   476.3   520.3   578.0   675.4  1299.2  4203.5  9510.2  82673.3    83211
read      424.0  1021.5   148.8   190.7   202.4   334.5   395.2   436.1   472.6   511.0   572.5   666.7  1079.1 20172.4 32144.9  14879.7    14783
read      445.6   803.0   148.8   197.5   212.6   342.9   417.4   468.0   506.7   557.4   629.5   795.7  1816.1 12639.8 31857.2  82714.0    82605
read      616.2  2408.5   148.8   201.3   221.1   307.5   342.7   364.8   381.1   401.1   438.6   533.2 10026.7 35870.3 42446.3   5499.3     5402
read      542.8  1417.6   148.8   192.7   205.4   339.5   441.0   512.6   570.0   649.8   762.0   933.5  4817.9 27963.0 37600.3  25180.3    25125
read      441.9   774.8   148.8   193.3   205.7   329.7   417.4   481.5   525.6   584.1   671.6   907.1  1503.1  9359.0 34928.9  36919.3    36910
read      406.6   810.2   148.8   195.0   207.4   337.6   398.4   432.4   461.1   492.4   532.7   612.8  1149.4 15722.6 31152.0  15695.7    15797
read      473.3  1079.5   160.7   192.0   204.3   346.3   428.3   488.1   530.6   584.7   649.6   747.6  2631.7 14534.8 31868.7  16643.0    16558
read      580.9  1295.3   148.8   206.9   226.8   371.4   445.3   501.3   556.1   657.1   904.3  1541.1  2730.9 18511.4 36579.2  85528.7    85569
read      394.8   631.8   148.8   192.8   205.2   332.5   405.7   455.1   492.3   532.9   585.8   667.3  1159.5  8690.1 32204.1  34871.7    35016
read      383.9   555.2   148.8   192.4   204.5   325.5   397.0   440.9   476.4   510.7   558.0   648.6  1042.7  8252.7 30701.9  21795.0    21648
read      421.1   672.9   148.8   193.6   206.3   331.3   412.1   470.8   510.6   558.0   623.9   792.1  1360.0  8435.9 31123.4  29924.3    29884
read      394.5   562.9   148.8   193.6   206.0   332.2   407.8   458.4   493.0   529.8   580.4   679.4  1048.6  7978.8 28420.6  22532.0    22428
read      427.8   811.3   148.8   191.9   204.3   336.9   415.1   468.9   505.5   552.5   627.0   743.4  1647.4  8635.1 32373.4  18544.7    18475
read      428.5   572.6   148.8   198.3   212.7   340.9   416.0   467.9   507.3   558.3   633.1   819.0  1789.6  6971.3 23528.9  84043.7    83853
read      374.2   327.1   148.8   193.4   206.8   319.3   384.8   429.7   468.1   512.8   569.8   663.4  1415.6  3271.0  9174.6  83913.7    84008
read      352.1   344.2   148.8   192.3   204.1   325.2   379.0   406.2   429.0   457.2   491.2   541.6   822.7  5561.5 12726.9  15266.7    15221
read      376.9   351.6   148.8   192.3   204.9   332.0   406.9   454.7   489.7   529.4   580.9   660.4   981.7  3664.9 12135.3  35439.0    35396
read      373.3   229.6   148.8   191.7   204.0   328.9   404.5   456.0   492.7   533.8   586.8   670.5  1011.5  2178.8  7644.9  41532.0    41645
read      400.3   361.0   148.8   197.0   211.6   333.7   401.3   450.4   489.2   536.6   603.1   746.5  1635.2  3309.1 10870.3  93194.0    93406
read      378.9   358.0   148.8   191.8   204.3   317.7   389.8   439.9   482.5   529.3   589.2   700.3  1363.5  2562.3 14695.9  75303.3    75497
read      378.6   256.6   148.8   192.8   205.7   328.8   410.5   463.1   499.8   541.6   597.5   686.1  1045.4  2071.3  8502.9  52551.0    52863
read      387.0   418.0   148.8   192.9   205.5   330.9   409.7   459.0   495.0   536.6   592.6   680.7  1113.3  4739.2 15686.1  46564.7    46462
read      385.7   411.3   148.8   195.8   210.3   328.6   392.8   434.5   469.8   513.8   574.2   681.2  1477.8  4549.1 12837.8  97882.3    98026
read      326.9   511.5   160.7   201.6   217.7   297.5   323.8   339.0   349.3   363.1   379.6   416.8   764.9  7415.7 30147.9   6575.7     6626
read      389.9   455.1   148.8   194.9   208.5   326.8   398.9   449.4   488.4   534.2   593.3   697.7  1416.5  4035.5 22768.1  81903.0    82182
read      335.7   259.9   148.8   190.5   201.7   318.7   366.1   390.1   406.2   428.7   460.5   507.4   741.8  3836.1 11902.6  13758.3    13763
read      380.4   290.4   148.8   191.7   204.0   333.0   406.1   455.2   492.5   534.7   588.0   670.3  1115.1  3055.0 11396.6  34233.0    34350
read      377.7   417.0   148.8   191.7   204.0   328.9   406.2   454.5   490.3   529.9   582.7   664.3   971.9  3608.2 11774.9  41386.3    41329
read      381.5   381.6   148.8   194.6   208.7   325.4   391.0   434.7   470.1   512.2   571.8   674.1  1436.8  3662.6 13883.6  92793.0    92780
read      339.4   393.9   148.8   198.7   212.3   320.4   355.1   372.6   386.5   401.2   426.0   471.9   668.3  6044.0 17820.8   9409.7     9402
read      386.5   381.4   148.8   194.7   208.0   323.2   392.6   440.5   481.3   527.2   586.8   692.6  1474.6  4834.5  9309.5  79440.0    79962
read      380.3   397.3   148.8   192.6   204.8   329.3   403.3   448.9   485.2   524.7   576.6   652.7  1050.5  6804.3 12619.4  37229.3    37302
read      371.8   269.7   148.8   194.2   207.2   324.3   399.9   447.6   485.4   526.5   578.7   666.1   958.5  2833.5  8750.7  59704.7    59495
read      351.0   167.4   148.8   193.1   205.9   315.7   382.8   423.9   457.7   499.6   546.8   622.6   778.7  1475.2  3993.5  66045.3    66224
read      359.3   187.0   148.8   201.5   215.3   324.3   385.5   424.3   456.3   497.0   547.3   628.5   815.5  1366.9  7756.9  99914.0    99963
read      351.5   205.4   148.8   194.3   207.6   316.0   379.5   418.8   450.1   490.8   541.3   620.6   792.1  1471.6  8645.8  82582.7    82536
read      349.9   174.3   148.8   195.0   208.1   314.4   376.4   416.1   447.9   489.9   541.6   620.5   791.7  1264.5  6218.1  81745.3    81628
read      362.9   379.7   148.8   200.8   213.6   339.5   388.0   411.4   427.5   450.0   484.7   537.9   789.9  4410.9 13678.9  14205.0    14189
read      359.3   199.5   148.8   196.0   209.0   318.5   385.6   427.9   463.1   507.0   561.0   644.2   851.8  1702.7  5141.5  76058.3    76315
read      382.3   370.6   148.8   197.5   210.7   336.4   414.7   462.6   499.5   538.0   587.2   665.6   949.1  3066.5 10913.9  32589.3    32450
read      365.1   224.3   160.7   195.5   208.2   326.3   400.0   440.6   477.3   515.0   557.7   627.4   876.6  3028.2  9732.3  30568.0    30468
read      372.9   246.6   148.8   195.6   208.6   325.7   401.2   447.7   485.0   526.6   578.7   663.8   987.0  2242.3  9478.4  53619.7    53599
read      367.6   252.3   148.8   195.9   208.9   320.6   390.6   435.1   473.4   516.3   569.6   655.9   979.2  2331.0  7976.2  69639.7    69799
read      370.9   223.8   148.8   195.8   208.6   324.7   402.9   450.3   487.3   528.8   581.0   665.9  1001.2  1717.6  6002.4  46250.7    46099
read      380.9   357.4   148.8   196.0   209.3   321.8   392.7   437.6   476.6   521.8   578.5   677.7  1361.3  3853.0  9845.5  73249.0    73151
read      380.5   321.5   148.8   195.9   208.9   326.5   402.8   450.0   486.9   528.5   582.6   673.5  1137.3  3862.6 11227.3  54927.7    54930
read      363.0   386.0   160.7   197.2   209.4   332.2   391.2   419.9   438.8   466.7   500.2   550.0   845.8  5249.6 16606.4  15805.7    15925
read      375.7   311.8   148.8   198.0   211.1   325.1   396.3   443.3   482.7   526.4   581.8   673.1   979.4  3445.3  8157.3  76388.7    76631
read      357.4   514.0   160.7   197.5   209.8   329.6   377.2   400.4   417.7   436.0   469.9   519.9   747.0  7225.6 30126.7  13301.0    13254
read      372.9   204.1   148.8   196.9   209.4   333.1   410.4   458.1   495.8   534.9   583.0   657.9   935.1  1445.1  8212.6  33283.0    33300
read      374.6   239.6   148.8   196.6   209.4   325.1   399.1   447.4   486.5   529.0   582.7   669.1  1090.1  2203.2  6981.1  56575.0    56685
read      375.8   281.8   148.8   196.2   209.1   320.8   393.0   440.3   481.0   526.3   583.2   678.5  1192.3  2546.1  8759.8  64425.3    64340
read      391.0   379.5   148.8   198.8   212.2   328.6   399.1   448.1   487.5   532.5   591.0   692.0  1430.2  4529.4 10163.5  80785.3    80660
read      386.7   374.2   148.8   197.6   211.0   323.8   391.5   436.1   475.6   520.2   578.5   684.0  1610.8  3984.5 10956.0  86191.7    86427
read      358.8   261.2   148.8   195.7   207.9   323.2   394.9   433.0   464.9   496.6   532.7   588.0   869.3  2393.4 12083.1  21604.7    21718
read      390.7   381.7   148.8   196.7   209.9   333.2   412.9   465.0   502.7   545.1   603.9   700.7  1213.9  3883.1  9457.8  55874.7    55980
read      392.9   297.2   148.8   202.0   215.3   334.8   403.9   451.5   488.8   533.1   594.5   712.9  1555.9  2820.7  7776.4  90084.3    89882
read      384.9   215.4   148.8   198.4   211.3   339.1   420.9   472.7   509.2   550.0   607.5   690.5  1015.5  1977.2  5665.7  42383.0    42492
read      392.0   334.1   148.8   198.0   211.3   329.7   403.0   454.7   495.3   540.8   601.9   715.4  1515.9  2999.1 11228.2  70418.7    70487
read      365.9   317.3   160.7   195.5   207.6   326.2   397.8   435.6   469.7   502.1   540.4   603.4   936.1  4349.9 12562.9  22297.3    22135
read      381.0   408.1   148.8   195.6   208.3   325.8   401.1   448.4   486.0   527.2   579.5   663.4  1085.6  4931.3 12190.4  46776.3    46840
read      376.1   264.2   148.8   199.9   213.4   320.5   380.5   419.6   453.7   499.0   559.2   672.4  1557.2  2672.3  6209.2  97017.7    96864
read      370.8   242.8   148.8   198.0   211.0   323.5   399.5   445.1   482.1   523.0   576.1   660.9  1006.0  2073.4  6313.9  53843.3    53918
read      354.1   242.2   148.8   199.4   211.8   335.0   393.0   421.5   441.6   470.2   501.0   544.8   758.8  2208.7 10340.6  15598.7    15483
read      380.9   388.9   148.8   198.8   211.7   322.3   394.7   443.5   483.4   526.7   582.4   679.1  1174.2  4192.1 12566.8  66436.0    66506
read      392.8   374.9   148.8   203.9   218.3   334.4   399.4   442.2   478.6   522.3   580.1   685.2  1496.4  4718.6 10986.6  95982.3    96022
read      379.2   261.0   148.8   196.0   208.8   325.1   397.8   446.6   487.0   531.4   588.4   689.1  1197.5  2478.3  8293.0  62728.7    62799
read      359.6   502.2   160.7   196.4   208.6   328.2   376.6   400.9   418.2   436.3   468.1   513.8   798.8  8344.5 12049.6  13018.0    13061
read      347.7   321.9   160.7   196.8   208.8   329.9   379.3   402.7   420.3   439.3   470.5   517.1   721.0  4154.8 12464.0  13148.7    13127
read      394.3   369.9   148.8   199.2   212.4   332.8   406.4   457.8   496.6   540.4   600.4   709.7  1391.1  3959.6  8257.9  76960.3    76987
read      356.7   226.9   148.8   195.3   207.4   325.0   394.7   430.9   462.0   493.6   529.7   586.8   839.3  1716.0  9090.3  20489.3    20453
read      384.6   372.1   148.8   199.3   213.1   327.5   393.8   437.6   474.9   518.5   577.7   688.1  1446.0  3298.6 11421.5  90115.0    90061
read      321.4   310.8   160.7   201.2   215.6   306.5   336.6   351.9   363.4   375.0   394.5   426.1   553.3  4730.0 13115.0   8072.3     8124
read      383.0   331.9   148.8   197.6   210.9   321.4   385.6   429.0   467.0   512.8   572.4   677.3  1594.4  4055.5  8622.2  83551.3    83723
read      384.9   323.7   148.8   197.6   210.8   324.3   392.4   436.5   475.7   521.5   581.7   686.8  1621.5  3562.9  9768.3  81556.3    81711
read      381.0   341.8   148.8   196.5   209.5   321.5   389.2   435.0   475.1   520.7   579.1   684.0  1331.5  4179.5  9462.6  78569.7    78316
read      359.9   251.3   160.7   195.6   207.8   325.2   397.3   434.6   468.4   500.8   536.4   592.0   863.2  1687.6 12020.1  22058.3    22056
read      365.9   212.2   148.8   194.6   207.0   323.7   399.2   444.1   479.5   519.3   571.8   649.7   939.3  1536.5  8037.5  43371.7    43460
read      386.8   352.9   148.8   199.7   213.4   329.8   396.8   441.9   479.4   523.1   581.2   684.4  1374.8  3998.7 11168.7  91636.0    91671
read      380.9   290.3   148.8   197.0   210.4   324.0   392.0   435.5   473.3   519.2   580.4   690.5  1388.0  2868.5  7715.1  85057.0    85054
read      368.1   223.8   148.8   195.2   207.9   325.8   401.7   448.6   486.3   524.0   570.8   641.5   934.8  1733.3  8614.5  30266.3    30139
read      388.5   493.4   148.8   194.7   207.3   328.5   403.7   451.1   488.1   528.5   580.0   660.8  1119.7  7234.6 24389.7  36630.0    36739
read      389.5   420.9   148.8   198.2   211.8   327.8   393.0   435.7   473.9   520.5   585.1   721.3  1414.9  2619.7 16262.3  90722.7    90802
read      353.6   278.2   148.8   194.3   206.4   322.6   390.3   425.3   452.2   484.5   519.9   578.8   844.1  1457.4 12436.5  20006.3    20006
read      382.3   369.6   148.8   197.6   210.9   323.8   392.1   435.8   474.7   520.4   578.7   678.3  1402.6  3408.8 15219.1  79923.7    79929
read      382.1   314.9   148.8   196.2   209.1   324.2   398.1   448.0   488.4   532.7   589.6   686.5  1288.2  2529.5 11617.3  62914.0    63039
read      373.5   254.7   148.8   195.0   207.6   321.3   392.0   438.5   477.9   520.1   575.3   668.5  1232.7  2720.7  9905.1  64300.3    64305
read      369.4   231.0   148.8   195.3   207.9   318.9   388.4   432.7   470.4   513.9   569.4   658.1  1229.7  2509.3  5939.8  67631.0    67556
read      396.1   381.3   148.8   198.4   211.6   331.0   407.2   462.1   501.9   547.0   611.2   725.7  1446.4  3214.5 11124.7  65698.7    65494
read      396.2   369.1   148.8   200.3   214.4   336.0   405.6   452.8   488.9   532.3   589.4   701.9  1630.6  3755.5  7830.1  88628.0    88525
read      368.5   245.3   160.7   196.4   209.0   330.8   405.8   450.6   485.2   519.4   558.6   623.9   902.8  1477.4 12373.4  24672.0    24780
read      372.6   242.9   148.8   196.5   209.0   329.8   406.5   453.8   490.3   527.5   572.6   640.9   987.8  1981.4  8815.2  29646.3    29848
read      378.4   248.6   148.8   197.8   211.1   323.4   390.1   434.9   475.3   520.8   580.7   687.1  1406.5  2638.6  6787.2  81589.7    81601
read      372.2   239.6   148.8   196.5   209.2   329.5   406.2   453.5   490.1   529.9   580.2   657.5   970.2  1515.3  8512.9  37101.3    37060
read      375.4   235.0   148.8   197.7   210.8   322.8   393.2   439.3   481.9   528.1   586.0   683.9  1181.1  2175.4  7675.2  71289.3    71590
read      385.1   333.7   148.8   197.1   209.8   330.2   409.6   458.7   496.3   538.9   594.7   683.6  1137.5  3258.6 11102.4  43223.7    43313
read      391.5   471.0   148.8   202.1   216.3   333.5   400.6   445.8   481.2   522.6   576.1   667.5  1176.9  5968.9 24299.7  91276.0    91672
read      320.4   267.4   160.7   203.1   218.1   307.0   335.9   350.8   362.3   373.8   393.5   428.9   575.9  3955.0 12693.9   7440.0     7385
read      364.5   626.8   160.7   198.9   211.2   327.4   370.8   392.3   406.5   425.7   452.1   500.3   888.4  9198.8 31344.2  11428.7    11473
read      371.5   319.8   148.8   195.4   208.0   321.9   398.4   446.0   485.1   523.6   567.7   633.7  1002.6  3936.6 15290.8  30835.3    30857
read      376.6   254.2   148.8   197.4   210.5   331.8   407.9   457.3   493.8   533.7   585.1   665.9  1011.0  1787.6 10248.2  36708.7    36443
read      371.3   230.0   148.8   196.8   209.6   320.6   393.1   440.6   479.9   523.2   576.9   666.9  1095.4  2336.2  7799.0  64616.0    64482
read      371.7   250.2   148.8   197.8   211.0   318.9   383.1   426.3   463.1   508.3   568.4   668.0  1304.1  2623.6  6143.6  83269.7    83105
read      387.6   495.9   148.8   197.6   210.4   328.4   405.4   455.8   494.0   536.4   590.3   678.7  1138.9  4003.7 18949.6  48326.0    48335
read      390.0   484.2   148.8   196.2   209.6   331.3   408.5   458.5   496.7   537.7   589.2   672.2  1053.0  7785.3 17849.4  38768.0    38737
read      377.5   286.3   148.8   194.8   208.0   326.6   404.5   455.1   492.9   535.8   590.0   675.3  1126.3  2147.2  7981.4  47852.0    48146
read      317.0   276.1   160.7   213.9   232.1   297.7   320.6   334.5   343.4   356.5   372.3   403.9   611.7  4251.1 10626.3   5149.7     5153
read      374.6   412.9   148.8   196.7   209.3   324.3   401.5   447.0   483.2   518.6   559.2   626.1   923.4  6274.9 15021.6  26796.3    26861
read      366.7   210.2   148.8   196.0   208.6   324.6   398.3   443.1   480.0   520.5   570.5   643.9   924.1  1921.1  7262.7  43200.0    43088
read      376.2   487.6   160.7   196.1   208.3   320.1   398.1   441.6   477.1   511.5   548.5   615.1  1084.5  6019.5 30350.0  25691.3    25767
read      373.1   312.0   148.8   198.2   211.3   318.5   381.8   423.6   459.5   505.0   564.2   670.6  1352.0  3251.1  9397.3  86070.3    86233
read      399.7   336.7   148.8   200.7   213.8   330.6   402.5   453.4   495.0   542.5   609.7   752.6  1597.8  3137.0 10782.2  80644.7    80574
read      379.9   280.2   148.8   197.3   210.1   323.1   395.9   444.4   484.7   529.5   587.7   690.9  1330.4  2359.3 10691.4  67758.7    67791
read      362.2   243.1   148.8   196.4   208.7   320.9   395.0   438.6   476.6   512.5   554.7   622.7   903.7  1589.8  7770.0  28914.3    28862
read      373.5   239.3   148.8   197.5   209.9   328.2   405.1   452.9   490.1   530.7   582.8   667.1   978.5  1768.6  8694.0  42464.7    42575
read      375.9   254.5   148.8   197.7   210.4   330.1   407.1   456.2   493.9   534.3   584.8   661.9   984.3  2309.4  8037.5  39513.3    39297
read      393.1   367.4   148.8   198.9   211.9   333.5   414.3   467.4   505.0   547.5   606.6   701.8  1176.1  5517.5 13383.3  52142.0    52018
read      407.7   347.0   148.8   205.4   220.4   342.4   412.1   458.7   495.7   541.3   607.3   752.5  1685.2  3014.0  9514.8  96200.3    95982
read      370.9   195.2   148.8   197.2   209.9   325.3   399.1   446.1   485.1   527.4   581.2   668.0  1032.2  1792.4  4763.6  46285.7    46494
read      386.8   446.0   148.8   196.7   209.6   324.8   399.8   449.9   489.8   533.2   590.3   689.0  1232.3  4155.1 18858.5  63615.7    63572
read      377.0   329.5   148.8   200.5   213.8   323.8   386.8   427.6   461.6   503.6   558.3   654.7  1308.8  3911.9  8706.9  94940.7    95159
read      374.8   392.0   148.8   198.1   211.3   322.0   385.7   427.8   463.0   505.9   561.8   651.1  1044.7  4429.8 13790.8  84354.3    84537
read      377.9   272.3   148.8   197.8   210.6   322.5   393.8   440.0   479.8   523.9   580.8   680.0  1274.9  2935.3  8094.6  71478.7    71462
read      382.1   289.0   148.8   197.0   209.8   325.1   399.4   448.1   487.6   532.4   591.1   694.5  1279.7  2855.5  8462.6  63399.7    63483
read      395.6   868.5   148.8   196.2   207.9   326.0   388.0   418.4   438.2   469.2   503.2   561.5  1167.4 13847.3 32283.7  16661.7    16612
read      394.3   488.8   148.8   198.6   211.7   333.7   412.9   459.0   495.7   533.1   579.2   663.7  1240.5  4875.0 28341.6  29233.0    29236
read      373.5   204.8   148.8   199.8   212.6   326.2   398.1   446.5   487.5   532.5   588.3   683.2   948.8  1995.3  4377.4  67688.0    67667
read      379.2   225.6   148.8   200.5   213.0   336.1   416.9   464.3   499.7   537.7   589.2   678.3   920.6  1758.0  9784.9  38218.3    38133
read      378.5   218.1   148.8   201.1   213.3   332.4   413.2   464.0   502.5   542.2   594.6   682.2   900.5  1853.4  7907.8  52558.7    52724
read      368.2   198.0   148.8   201.8   214.7   326.2   392.1   434.9   471.6   516.0   574.6   665.2   876.5  1941.6  6618.8  89659.3    89271
read      374.2   280.6   148.8   199.2   211.5   334.6   410.6   454.1   488.8   526.0   572.7   650.4   864.2  2719.9  8542.9  32999.3    33127
read      327.3   292.4   160.7   219.2   238.1   304.4   328.2   341.5   351.5   364.8   381.3   412.7   591.7  5368.7  8459.3   5082.7     5029
read      369.3   284.0   148.8   201.5   213.8   340.2   406.1   442.7   475.5   508.6   548.4   617.1   777.3  1497.0 11293.9  21673.0    21767
read      372.2   231.6   148.8   200.0   212.2   334.3   412.7   457.7   492.4   529.8   576.9   655.7   836.6  1331.8  8213.8  36284.7    36277
read      373.3   320.4   148.8   201.9   213.4   336.1   411.2   451.8   485.2   520.8   559.5   628.2   799.8  2340.3 15262.8  24479.0    24513
read      391.9   213.8   160.7   207.8   223.1   347.7   419.1   466.8   504.5   549.1   613.2   724.0   981.2  1451.8  5918.1  99574.7    99463
read      384.4   260.8   160.7   202.6   214.4   342.0   421.5   467.6   502.5   540.6   592.2   675.9   893.5  3517.9  9382.2  34417.3    34248
read      376.8   247.2   148.8   201.4   213.6   335.6   415.9   462.2   497.8   535.8   585.0   665.0   852.7  1639.0 11189.7  36228.3    36175
read      357.4   203.6   160.7   203.6   215.4   342.8   400.0   426.2   445.7   471.1   501.8   545.3   696.0  1924.4  7943.5  15320.3    15348
read      408.2   295.3   148.8   203.2   217.1   345.8   427.5   483.8   525.1   574.8   640.7   764.1  1401.1  2695.8  7841.4  68150.7    68124
read      382.4   227.7   160.7   202.5   214.5   340.2   418.4   470.0   502.7   537.4   582.1   660.5  1023.4  1764.1  8066.7  23205.7    23132
read      417.5   406.1   148.8   205.3   220.1   346.5   423.1   477.6   519.7   571.0   639.0   778.9  1594.5  3700.1 14172.0  78002.3    78263
read      393.1   376.8   148.8   202.5   215.8   334.5   403.7   452.7   491.1   535.9   592.3   685.4  1388.1  4847.1 12047.2  80571.7    80394
read      398.6   477.4   148.8   203.5   216.9   333.9   402.2   448.8   487.4   532.4   590.0   690.5  1603.1  3994.7 15201.6  82955.7    82767
read      396.5   316.2   148.8   202.4   214.6   336.6   413.3   467.5   506.2   549.8   610.2   711.0  1438.7  2730.1 12349.2  62589.3    62604
read      422.3   439.9   148.8   202.7   215.5   342.4   425.1   481.7   521.9   571.1   640.7   809.7  1755.5  4782.0 16238.3  60176.7    60257
read      398.4   362.0   160.7   202.4   215.1   343.2   424.9   479.5   516.9   559.9   617.6   706.9  1199.1  3934.9  9341.9  46208.7    46257
read      390.0   321.4   148.8   202.0   214.3   331.1   401.7   451.0   490.6   535.4   592.7   693.1  1509.2  3116.4  9722.1  72654.0    72716
read      394.3   351.7   148.8   201.3   214.0   334.2   411.1   464.5   503.8   548.4   608.1   702.4  1322.4  3419.0 11757.5  63033.7    63158
read      400.7   393.5   148.8   202.5   215.6   337.8   411.6   463.3   504.5   550.6   613.3   720.1  1422.0  3661.5 15849.0  72460.0    72570
read      392.1   279.9   148.8   201.4   214.0   332.1   406.6   458.3   498.1   542.8   605.8   713.4  1513.3  2465.9  7270.7  64756.3    64803
read      393.6   301.4   148.8   201.3   214.1   335.4   411.1   462.9   501.7   544.7   603.4   700.6  1461.6  2738.7  7637.9  61045.7    61262
read      385.1   305.8   148.8   201.0   213.2   338.5   416.7   466.8   504.1   544.2   596.0   674.8  1006.2  2156.8 12033.5  35369.7    35474
read      361.2   210.7   160.7   201.2   212.7   331.7   402.2   437.3   469.6   499.0   532.7   585.4   838.0  1636.5  8202.3  19029.7    18974
read      381.5   344.8   160.7   201.5   213.7   339.7   413.3   459.4   491.1   523.3   562.9   630.3  1017.8  3976.8 12746.1  20591.3    20598
read      418.2   397.4   148.8   202.9   216.1   348.1   433.3   490.7   529.6   576.8   641.2   762.4  1558.3  4085.0 10855.6  53945.0    53930
read      373.8   280.1   160.7   201.2   213.0   336.1   408.7   451.4   484.5   516.7   552.8   618.6   988.3  2278.5 12704.3  20737.0    20791
read      386.5   255.9   160.7   199.4   212.3   330.8   406.1   459.8   499.5   543.9   603.2   700.4  1275.6  2364.9  6813.5  66516.3    66875
read      358.4   226.1   148.8   198.5   210.4   330.5   396.5   432.4   463.2   493.9   528.3   581.9   847.6  1657.1  7062.3  18491.0    18504
read      369.4   303.5   148.8   199.7   211.3   336.9   399.5   431.9   460.1   490.2   524.7   586.4   957.8  4596.6 10318.5  16134.3    16237
read      342.0   224.0   148.8   205.2   218.2   330.4   367.9   387.5   400.6   419.3   443.7   491.8   658.6  2521.3  8189.0   9489.3     9428
read      392.8   243.9   148.8   202.3   215.0   345.9   427.3   480.5   516.4   558.7   614.8   696.8  1104.2  1958.4  8652.3  40903.7    41045
read      389.0   265.5   160.7   201.7   214.5   335.0   409.6   462.3   501.6   546.2   605.2   701.5  1238.2  2415.3  9028.3  68819.7    68913
read      407.9   378.7   148.8   203.8   217.7   342.8   419.3   472.6   514.0   561.7   627.6   744.8  1478.9  4166.9 12670.0  75321.3    75380
read      408.9   445.9   148.8   206.0   220.9   343.0   414.0   461.4   498.9   544.5   609.3   732.8  1526.2  4894.0 19181.9  87756.7    87816
read      385.2   312.6   148.8   204.5   218.4   332.8   400.0   445.2   482.4   525.3   580.7   674.0  1238.2  3464.8  8684.3  84646.0    84448
read      364.1   467.7   160.7   205.1   218.8   339.1   385.4   409.1   426.2   448.5   481.2   529.3   846.6  4761.3 30811.2  11850.3    11826
read      402.4   410.9   160.7   204.1   217.9   339.4   415.8   468.6   507.5   551.0   612.4   718.5  1287.1  4243.8 13721.6  70734.0    71231
read      416.7   383.6   148.8   206.2   221.4   349.0   421.4   471.2   510.1   560.0   634.5   793.5  1637.8  4016.4  9985.2  90770.3    90851
read      393.5   367.9   148.8   202.0   215.3   332.1   401.0   449.3   489.6   536.5   597.7   700.6  1498.8  3810.1 10252.3  76672.3    76670
read      397.7   216.9   148.8   208.9   224.7   351.8   423.1   471.2   508.1   553.2   615.8   726.2  1037.3  2022.3  7316.3  97780.7    97575
read      394.8   614.2   148.8   201.7   213.3   333.7   408.9   456.2   491.3   525.9   566.5   631.1  1040.5  8487.5 29991.2  24813.3    24720
read      397.0   458.7   148.8   200.9   213.6   332.3   403.0   454.6   495.6   541.3   601.4   707.1  1470.4  4547.8 21338.0  73151.3    73270
read      388.1   246.0   148.8   200.9   213.4   337.2   416.8   469.5   506.5   548.4   609.0   702.0  1164.7  2027.6  7789.0  48821.3    48954
read      373.7   286.9   148.8   202.6   215.7   327.3   393.3   434.6   470.1   512.9   569.5   660.2   927.3  3093.0  9227.3  87665.7    88062
read      371.9   196.8   148.8   200.3   213.3   336.4   408.0   449.8   486.5   526.7   573.5   640.3   844.1  1636.3  5314.4  38816.7    38850
read      373.8   258.0   148.8   198.3   211.9   331.4   406.7   452.7   488.5   528.4   577.5   656.7   884.6  2272.3  7050.4  48702.7    48812
read      357.9   231.7   148.8   196.4   209.7   319.0   386.6   428.9   464.0   507.6   558.1   636.0   801.8  1354.2  7973.1  69420.3    69474
read      349.6   166.2   148.8   200.1   213.3   316.0   376.4   414.1   444.1   483.3   533.4   608.8   778.8  1196.7  7661.2  94115.0    94336
read      387.2   424.6   148.8   198.7   211.7   332.5   408.6   451.6   487.0   526.8   576.2   659.7  1146.1  4539.9 18943.1  36830.0    36813
read      333.8   447.0   160.7   211.1   228.2   304.5   329.4   342.7   353.0   365.5   382.0   416.1   635.7  7931.9 15381.4   5791.7     5768
read      392.2   361.2   148.8   204.3   219.2   339.7   409.8   457.8   494.9   538.7   596.0   691.8   976.4  4985.9 11141.9  92271.0    92659
read      402.4   432.4   148.8   200.2   213.3   334.1   409.0   461.4   502.2   548.1   611.7   718.4  1503.2  5046.4 22338.0  69237.3    69270
read      421.3   548.5   148.8   207.4   223.3   351.5   424.5   472.6   510.5   557.6   622.6   743.7  1479.6  5817.8 29967.4  91765.3    91531
read      360.6   573.4   148.8   202.7   215.9   328.2   366.6   387.1   400.9   420.3   448.1   508.2   911.8  6642.8 32509.1  10062.7     9997
read      364.0   420.4   160.7   203.8   216.7   333.2   374.2   396.8   413.1   432.2   466.8   535.2   864.8  5482.7 10200.5  10460.7    10471
read      418.4   476.7   148.8   206.4   222.4   350.8   427.0   478.6   517.2   564.3   631.1   790.0  1238.9  5252.1 20004.9  96566.7    96662
read      406.0   469.9   148.8   199.9   213.5   334.7   409.7   462.1   501.9   547.2   613.4   725.5  1575.0  5179.1 19647.8  70780.7    70836
read      416.3   403.0   148.8   204.1   218.7   343.0   419.5   471.8   510.2   558.7   627.7   770.6  1765.1  4052.2 10988.2  87477.7    87456
read      362.5   440.1   160.7   201.3   213.4   335.7   393.9   421.2   439.3   467.2   503.3   562.6   764.7  4317.4 30761.1  17075.7    17168
read      351.1   196.4   148.8   194.5   207.7   314.1   379.2   420.1   453.2   496.0   544.5   619.2   789.1  1304.4  6675.7  71131.7    71024
read      385.4   398.9   148.8   198.7   211.6   334.8   408.3   451.9   488.0   528.4   579.9   670.0  1079.9  4374.6 11941.3  31069.7    31205
read      441.5   427.2   148.8   210.4   227.8   371.2   458.4   515.6   560.3   618.2   702.6   852.8  1256.9  4335.4 14409.4  93708.0    93769
read      320.1   200.1   160.7   207.3   224.2   307.0   333.5   346.6   358.3   370.1   389.1   424.7   611.5  3818.7  5979.7   6795.0     6850
read      371.8   247.2   148.8   197.2   209.9   329.7   405.1   450.4   487.5   526.6   573.2   648.0   950.0  1716.7 10975.7  31585.3    31764
read      425.3   484.9   148.8   202.8   217.1   342.0   413.9   463.7   503.8   553.1   626.3   797.6  1892.5  4823.3 23621.7  82024.0    82033
read      419.2   559.7   148.8   205.4   220.6   346.5   418.4   465.1   501.9   546.9   613.5   738.9  1647.6  6849.5 29577.6  87227.3    87255
read      397.9   380.0   148.8   199.8   213.0   334.0   410.4   463.0   502.3   546.7   610.1   720.8  1403.4  3988.5 10109.6  59881.0    59822
read      394.5   387.6   148.8   199.0   212.1   334.2   411.6   461.3   500.7   544.2   605.3   702.7  1337.7  4578.6 14565.5  52634.7    52648
read      387.2   219.7   148.8   202.1   214.3   340.6   420.3   472.2   510.4   548.4   600.0   684.6  1102.0  1744.7  6897.3  31561.7    31518
read      388.9   259.9   148.8   198.8   211.4   332.7   412.0   463.9   503.3   546.8   606.5   708.4  1256.8  2432.3  8055.4  41852.7    41758
read      418.3   492.1   148.8   203.3   218.6   344.3   417.4   466.9   506.6   554.1   623.5   764.9  1659.9  6472.8 16367.5  89501.7    89751
read      392.5   572.7   160.7   199.8   212.7   334.7   409.3   453.3   487.2   521.8   565.2   638.7  1053.9  8643.5 29315.1  22643.3    22529
read      377.9   228.3   160.7   200.8   212.8   339.3   412.6   453.7   485.2   517.8   559.2   647.7  1065.2  2763.3  6761.0  18931.3    18976
read      407.8   403.8   148.8   198.7   212.3   335.2   412.9   466.5   507.9   557.3   627.3   759.0  1586.2  4674.3 11981.0  63028.7    63247
read      391.6   279.8   160.7   199.1   211.9   335.9   416.6   467.9   505.8   548.8   610.2   711.6  1249.5  2353.6  9932.4  42295.0    42149
read      438.7   591.2   148.8   206.8   223.5   358.8   434.5   485.0   523.3   572.6   642.5   813.6  1689.0  7419.1 30451.8  93477.0    93534
read      402.1   271.6   148.8   197.8   211.9   340.2   424.5   481.4   523.1   571.5   633.9   750.7  1350.2  2436.3  5862.6  39648.7    39600
read      368.4   205.0   160.7   200.9   212.8   338.9   408.9   445.8   477.0   506.8   542.1   605.6   923.7  1578.8  7496.1  18103.7    18122
read      400.9   296.9   148.8   200.8   213.2   338.8   421.5   477.7   516.1   562.1   624.4   736.0  1353.5  4017.5 10370.8  42854.7    42836
read      405.8   306.7   160.7   202.2   215.0   341.9   424.8   481.3   521.7   568.5   632.8   742.6  1455.2  3228.5  9688.5  50675.3    50483
read      402.2   472.2   148.8   201.1   213.8   339.4   420.2   469.9   509.4   549.3   607.8   707.9  1229.2  7004.2 21376.2  41297.3    41168
read      374.9   208.6   148.8   200.1   213.5   334.6   413.7   459.7   497.6   539.0   587.5   660.4   828.8  1473.4  8669.5  46425.3    46353
read      354.2   191.8   148.8   200.1   212.9   318.9   384.0   423.6   455.2   496.6   546.0   618.3   772.0  1158.5  7616.2  80238.3    80113
read      357.4   302.4   160.7   202.8   215.6   332.9   398.9   428.8   450.7   476.8   511.2   553.4   660.5  2951.1 13868.3  21042.7    20901
read      336.0   257.8   160.7   210.7   226.0   329.6   359.9   374.4   386.3   398.2   415.1   439.4   532.1  3869.5 10004.2   8793.7     8795
read      369.2   254.5   148.8   200.3   213.2   332.2   407.9   449.5   482.1   520.9   564.5   633.2   799.6  1696.9  8625.4  44177.3    44250
read      357.5   161.4   148.8   199.9   212.9   320.9   389.6   430.4   464.1   507.1   555.6   630.7   791.5  1339.3  3948.5  72994.7    73292
read      366.5   231.1   148.8   199.4   212.6   331.0   405.4   446.9   479.2   519.5   562.6   627.3   759.4  1298.7  8664.2  43978.7    43912
read      345.3   145.5   148.8   198.6   211.5   313.1   373.9   411.1   439.8   479.5   530.8   600.0   742.8  1013.1  3915.1  83714.7    83642
read      360.2   198.4   148.8   198.6   211.8   327.0   398.9   438.1   469.7   509.3   550.2   615.7   741.3  1217.7  7614.5  45801.3    46037
read      353.7   175.5   148.8   199.2   212.3   317.5   383.1   423.6   456.9   500.0   549.1   625.0   778.5  1099.3  4496.9  78113.0    77948
read      337.6   295.4   148.8   206.8   220.7   328.0   362.9   379.9   391.9   403.9   422.8   451.1   545.0  4538.5 12546.3  10528.7    10406
read      358.8   176.6   148.8   197.6   210.8   325.3   396.8   437.7   469.5   508.8   550.6   619.0   759.3  1197.8  5745.2  49163.0    49325
read      363.5   253.7   148.8   198.5   211.6   326.5   400.5   442.4   474.8   515.2   557.7   624.2   762.3  1277.6 12524.1  48031.3    47971
read      351.1   174.6   148.8   202.7   215.5   318.4   378.3   416.3   445.7   484.3   533.2   604.5   755.6  1128.3  7654.6  95419.7    95474
read      382.3   588.0   148.8   198.2   211.9   329.8   401.4   445.6   480.2   522.4   572.0   646.9   813.8  5927.2 23616.1  59499.7    59382
read      359.3   200.7   148.8   197.8   210.7   323.1   394.1   435.4   468.3   510.7   556.9   626.1   768.4  1270.3  6714.5  60329.3    60629
read      363.4   204.6   148.8   202.8   215.6   330.4   407.9   447.4   477.2   513.7   547.3   596.6   710.7  1358.1  7541.5  26579.0    26567
read      365.9   227.5   148.8   199.9   212.8   329.6   405.0   447.8   480.5   519.6   563.2   629.4   765.7  1215.5 10232.8  47022.0    47050
read      348.6   479.7   160.7   213.7   231.0   323.5   349.6   363.7   372.5   385.4   399.6   426.8   555.2  7915.8 18790.0   7111.3     7114
read      356.6   554.0   160.7   208.7   223.1   336.9   373.9   392.1   403.5   418.5   433.8   465.5   549.2 11114.6 22497.9  10604.3    10743
read      347.3   180.0   148.8   203.5   216.6   316.0   373.9   409.2   436.6   474.2   524.3   593.0   738.6  1012.0  5255.6  98191.7    98447
read      363.5   213.6   148.8   199.8   212.9   329.0   401.2   442.1   474.3   515.0   559.2   627.2   764.3  1271.1  7075.5  52751.3    52703
read      358.0   294.5   148.8   204.1   216.7   336.4   401.6   429.7   449.4   470.8   503.3   542.5   636.3  4248.9 12297.0  18822.7    18786
read      348.2   155.8   148.8   203.8   216.9   316.9   375.5   411.3   439.0   476.3   526.0   593.7   742.2  1099.3  4606.5  97386.7    97624
read      322.9   289.1   160.7   215.6   235.6   307.3   329.3   341.4   350.1   362.0   373.8   399.1   521.2  5835.0  9987.2   5666.3     5577
read      362.8   233.4   148.8   202.8   215.6   329.0   406.2   444.1   471.1   506.5   541.2   589.4   717.5  2203.1  9922.2  24949.3    24952
read      354.8   184.3   148.8   199.0   212.1   318.3   381.6   421.9   454.8   497.6   548.2   626.4   792.6  1304.7  6723.3  79952.3    79933
read      365.8   235.8   148.8   200.6   213.8   331.3   404.7   444.5   476.8   514.9   554.9   617.9   748.5  1508.8  8111.6  35009.0    34932
read      356.9   181.3   148.8   201.3   214.4   328.1   401.7   438.1   466.8   500.0   534.7   581.8   688.1  1210.6  7631.6  25085.7    25006
read      358.6   191.6   148.8   201.0   213.7   327.4   403.5   441.8   470.5   506.4   540.8   590.0   710.3  1169.8  7946.2  26400.7    26366
read      346.6   170.3   148.8   198.4   211.4   312.9   373.6   411.5   441.4   480.9   532.4   604.0   754.9  1263.2  3978.0  85753.0    85542
read      367.1   234.0   148.8   198.7   212.0   329.1   403.1   446.2   480.5   521.9   568.7   637.7   795.9  1264.3 11381.9  50707.0    50629
read      355.1   219.2   148.8   201.2   213.6   328.3   401.7   434.7   459.2   488.7   523.3   566.3   670.4  1315.0  9217.3  22618.3    22590
read      351.6   170.5   148.8   201.7   214.2   318.1   379.6   417.8   447.9   486.5   535.4   610.5   767.2  1402.7  5010.0  91889.0    91711
read      355.0   192.3   148.8   203.6   216.9   322.2   383.9   422.2   453.2   492.6   540.6   613.3   760.8  1017.0  5805.1  94667.7    94658
read      363.0   179.9   148.8   200.2   213.0   329.7   404.2   444.8   477.7   517.6   557.7   618.0   741.5  1187.1  7260.6  34938.0    34868
read      347.8   179.6   148.8   201.4   214.3   315.0   374.2   409.6   436.8   473.8   523.9   593.7   753.8  1626.5  7551.1  95844.0    95773
read      361.4   198.7   148.8   197.7   211.2   326.4   398.6   439.9   472.2   514.2   558.4   625.3   759.3  1186.3  9656.6  49507.0    49527
read      362.7   188.5   148.8   199.4   212.7   329.5   402.3   442.1   473.4   514.4   554.0   615.6   744.8  1263.1  7127.8  35772.3    35659
read      355.3   172.4   148.8   199.3   212.3   319.5   384.3   424.0   456.0   497.3   546.9   625.9   808.2  1231.8  6542.3  81763.0    81789
read      360.8   198.1   148.8   197.6   210.8   324.5   396.7   439.9   473.8   514.5   559.7   630.8   779.5  1134.2  6917.6  57836.3    57774
read      358.6   182.2   148.8   199.7   212.6   325.0   402.0   441.7   471.7   510.4   546.7   600.7   725.0  1152.9  7778.3  30656.7    30550
read      354.5   182.5   148.8   204.2   218.1   322.5   382.7   419.2   448.2   486.5   535.8   608.0   764.1  1111.7  7378.6  98550.0    98775

Total QPS = 52312.2 (50219692 / 960.0s)

Total connections = 64
Misses = 0 (0.0%)
Skipped TXs = 0 (0.0%)

RX 12404264171 bytes :   12.3 MB/s
TX          0 bytes :    0.0 MB/s
Warning! Detected max cpu usage > 95%
CPU Usage Stats (avg/min/max): 100.00%,51.26%,100.00%
